e1022588829
e1022698204
e1022695634
e1022696804
e1022691483
e1022588437
e1022589029
e1022695845
e1022700267
14870761
6911411
38188846
e1022691162
e1030406499
19435959
38189659
38194510
38196114
38188519
40323006
31440634
40345701
38214812
31443011
3961864
17317237
20138814
e962937798
e959790978
e1022692051
e1022588683
6911786
10373697
6922415
e959859539
e962665210
10381718
17385271
6911656
23877225
38258377
32117315
38221459
e1029944008
19436905
40328621
31912304
31913592
e1022589446
e1022690381
e1022696479
38197694
19444761
31873644
31906997
5304856
40322390
40326485
31941680
e959907903
24534042
24533281
31882336
20136427
14835590
38186117
38192763
38188108
40322633
31915762
22560462
e959421495
e962537909
e962569514
e961442446
e962585481
e962648290
e962333159
23977397
31507579
31511037
40323816
31926519
31509648
31506687
31922459
31509558
20134649
e1022697231
e1030619709
e1022697955
e1022587130
e1022692300
31813437
20134048
20134715
20134397
20139639
31813261
20134194
e962347346
e962913471
6911496
31911131
31972265
3962131
40335129
e959881801
23851973
31480874
38287007
38259660
38222023
e1186658313
24531850
24531536
17318517
24531864
20134110
24531531
e1022701657
e1022588071
e1022701446
20134222
20134351
20134759
20134475
20134403
31894248
20134051
38157777
38187472
31903565
38157539
38189074
20135519
38174662
e1022690728
e1022692576
31901127
14711027
31948717
19438807
e1105175902
e1105145235
34347540
40324963
20139831
38183477
21953789
e961433080
e961425137
33794342
31481699
31593906
e1107436452
31539113
33963326
19101132
6928671
e962483991
e962366281
e959736578
e962382925
e962509461
e1058383946
e1186633221
24531093
20134045
38170624
24531981
e1057523497
e1022588258
e1022692873
20129534
20129506
38162497
e1111737853
10412848
10413035
40386551
38270524
e959917119
e1189711599
38207243
32121249
31484690
e1352213759
38155364
38155603
20128888
38160215
31523592
31522742
38159770
40356180
31518043
40007704
e1022697552
e1022700616
31436353
e1086158767
e1086169310
e1022696040
e1357768190
20136572
24532498
6911521
20156304
31915674
33702455
e1189558967
e1189902666
e1190712194
e1189936023
e1190561146
e1190502995
e959822859
e1189600613
10430811
23816828
e1057546744
e1058357821
e1052851330
31847903
31523288
31526675
38155267
e1022587886
e1359972599
31516710
31859202
24532304
38212245
40306013
20135872
24532511
20135855
e1105086738
e1105108751
17316232
33791848
31685555
10372378
38279154
38236436
31877481
20156248
38241721
20156266
40389151
31491830
6931992
31826195
40019160
40018092
31589291
e1189865855
e1189580462
e959903713
40008171
31844053
40008181
20134853
20134830
38209160
40306355
33664267
20133554
20135451
20133600
20135694
38157756
20133500
31690362
e1056700273
e1086467588
e1359942716
e1359877589
e1359983324
21952857
31696472
17315711
31435395
23745230
34351282
38281179
38279530
e1189778806
e1189640425
e1189681762
31487171
31751736
31898617
38249103
40378040
e1105202555
33911213
23747046
31536264
38260398
23745182
e962915369
14899539
38237646
40370276
31954587
e1056711125
e1052753879
e1052149908
e1052765066
e1052704692
e1352286642
e1052134910
e1058436687
e1352263554
38228174
6901070
e1105051701
24532224
40354783
40354890
e1087181085
e1084296488
e1357733023
e1087203132
31868852
31873886
40306709
31871122
e1190686554
e1107493371
e961417906
e1107459203
38167009
31458098
40358067
14659120
19409579
19409576
24527669
e1052164195
e1058505797
e1056883816
31434299
20140143
31436266
31883582
38209287
31436294
38210057
20135022
31445457
40332226
40302206
20134979
31868216
20134989
e1105223373
e1086262219
24532201
31868835
38175608
31872423
20134996
e1107603555
38162982
38166720
31579168
14885170
31523746
40018617
40018571
40005657
e962355949
e959844782
e959753114
e1021420835
e1021425349
38159091
38158857
40008558
38158972
31844370
e1057535524
e1057464109
e1057436658
e1057518244
10348453
19811273
e1189748619
e1185572381
e1185622376
e1185599503
20144140
40330507
e1056893168
e1052936676
14657249
6901380
40008349
40007960
31432325
31520690
e1120565698
20133807
38160588
38173448
31845964
31845783
20133489
20133781
31845397
e1084502925
e1359867718
e1359860520
e1359853819
20135836
20135391
6910726
21952101
38235577
31435075
10372326
38235699
31430761
40353906
38235222
e1189362774
e1189332803
e1095106500
20142426
31458256
20142711
24543922
31920933
38273876
23746477
38155564
31507221
38154722
24540336
20141726
38156456
38154529
38150352
40386857
40006230
19831282
5317650
40333030
19832550
31969261
31507209
23749103
14887857
40008977
e1052875068
e1374615022
e1052674274
e1058398306
e1052788694
e1052859490
24527544
e1063931056
e1052946665
6901305
40345309
19411080
20133861
31844577
38160547
e1360030795
38145256
33738478
e1111890518
e1111904297
e1111948516
20133863
20133895
33810575
19433543
39559228
33812419
31435239
31499692
e1084532799
38169009
38141434
40009406
38141292
20136644
38174023
31502486
31844059
38160149
31844376
38155789
38159852
40001462
24540223
31844766
40001542
31843979
31474528
e1188340574
e1188378009
24542913
38195683
40330562
24541810
38150367
40002932
24540350
23745470
40006275
24540362
e1185749905
e1188076444
e1188060077
e1185667315
e1185715592
38147040
20151592
e1107630495
e1375120615
20130465
38154480
38169386
31459004
40304971
31848227
e1113818113
e1113790186
24531152
33728120
20133066
31497761
24530792
38169359
31869911
39554918
38173848
31500006
e1105007284
6910638
17316372
6910766
31430847
14706975
40317266
20133729
38144709
20136158
38156205
38141251
38141783
21952040
24540978
e1107542369
31570499
38165885
31493420
40019665
31579996
31488256
38153113
31591858
31524552
31491887
e1111722055
14886224
3972947
14891637
31985932
6929180
20143545
14891740
e1056731195
e1057612993
e1058404970
e1057718758
e1058521863
38168322
20130519
20129813
20129449
e1120692630
38160280
e1357793943
e1094033772
20137617
31875530
38168317
24538256
e1047771823
e1042325443
e1043074058
10372286
40320725
40318927
e1093937669
33877262
20136166
33877151
20142717
38150586
31490211
31443649
31493563
20142424
31490081
38210443
38152746
38210568
31442558
e1111775792
e1187973522
40006548
23749458
23749366
38155046
20142965
31961612
e1021414907
e1021409446
38167509
40008009
e1068307435
31436240
21934089
e1047748915
e1047768991
38155233
20141806
38147070
38147151
40001078
20141859
31440011
24546129
38150573
e1187140364
e1186985208
e1187092789
e1185887089
e1185291519
e1057586866
e1057556196
40009263
38158899
e1057577280
40346151
33734209
14658267
31431286
14657651
39557028
31494083
20135003
31494512
31500079
31500278
31499298
38154878
e1047763891
38283603
40008047
6927223
38156322
24542083
38150917
31477131
20143089
38147823
31458275
e1143831456
e1175495365
17505238
38154168
31504311
31442136
40331692
40330812
40333042
e1188017037
e1187165475
e1187211762
e1188043114
e1187248943
10417076
31507791
e1058415241
e1052840033
e1375060390
20131098
40304080
38229365
31907526
38180904
33812981
31431308
33810959
10371656
e1079481105
e1079527955
e1079508962
e1087228125
e1079494887
e1087295784
e1087355796
e1079514513
e1086572381
e1364083681
e1087323023
38157554
23749789
17505927
17505896
38213278
23746231
24540785
38178436
38147892
31484399
31893644
e1056924351
38170405
e1375490018
e1058490607
39558175
31442146
31440555
24523963
31442290
31440757
31440739
31864299
38173169
e1105601593
e1185297944
10371515
31428743
14706251
e1094045670
20136101
31869759
40304444
40016519
40016490
e1042314816
e1120707969
17315682
19434343
40316425
21953938
19433526
6910603
40316124
31909055
38184427
e1364001313
e1095090297
e1084230269
e1363989897
e1364066807
e1175196628
e1111904678
40332553
31495621
20150629
33659141
24540879
33657722
e1111803971
40006519
31490341
31490321
31843974
31847120
20129628
20129477
e1119615287
14706081
14706110
14706204
38142454
39556907
14706140
39557038
e1363965751
e1086183277
40302489
38169048
31870743
20136280
38173010
20136097
e1042627084
e1047722105
e1043042553
e1366345823
e1364026809
e1093963639
e1086021579
e1366286019
e1366292046
e1366355634
e1366368630
e1366398156
31517649
40007098
e1175206258
31501179
38266195
10465797
38169956
31467023
31856744
e1111796446
20142618
38154854
24528534
38159555
24528160
24528581
40009147
40009143
31442699
e1327246907
31864986
31445163
31859946
31500172
38153895
e1042398850
e1042277877
e1047727819
e1043005802
e1042412884
e1042270706
e1042546666
e1047781596
14881552
e1187056870
31504165
31502477
31503155
31503394
31504074
24540316
23744993
24540303
31440448
23744874
24540353
31503695
31503683
31843981
31522605
38156206
31517373
38155478
38159826
31523475
31522577
38155587
24529649
40306148
38168005
38224336
40016325
38171116
24527998
24528024
24528480
40308875
24528062
e1120539569
20128796
31846337
24527268
24527456
e1065458887
20129767
24528351
20129740
20129998
40301608
38170800
20141812
40321057
20141667
40007589
e1190953442
40005535
17509099
e1175321922
14881303
19809589
10412682
38154325
38181016
39558268
31490743
24541044
40312248
40005070
38146785
e996349132
31859118
38162908
31857954
e1185231895
e1105470079
e1105562013
e1185352177
e1185251889
e1105527822
31430871
17315410
38230526
31439284
e1086553845
20136235
e1175298476
e1175293169
e1143766676
e1175303676
24549581
38157246
20149491
24549756
38156990
38157390
5329087
e1363019169
e1027121082
e1375134449
24523386
20122866
38141047
e994124071
38167258
40016014
20123162
24523890
24523862
31862315
40015863
10319655
14623553
38167140
e1022448771
20128604
40304028
38168024
20128937
24527871
38168058
e1357660930
e1357302928
e1357334108
e1063172401
e1357374499
e1357677534
20130215
40297913
40381891
31870111
e1110762728
6910612
40005004
19433533
31432301
e1086060804
e1093980634
e1365716918
e1086241247
e1363900017
31871324
24538418
40306775
24538452
31434512
e1086581860
e1094016335
e1086082079
1276422
10412880
10412260
38224929
5316212
14880281
e1041736284
e1041738665
38146740
31504140
e1175346015
e1175312623
e1175287738
6955156
e1030409551
e1030228410
6952574
24314801
14938004
38157440
10462285
6953053
10462434
6952491
10463089
e1027131378
20128720
31518079
20128619
31518125
e1063148159
40381807
31429520
38154754
38155051
10348465
31429215
34333111
31429518
e1021445416
e1327221687
e1327124924
e1327270788
e1327321778
20129655
20128750
31859988
38168882
20129792
38170006
38170026
31868841
38281785
38281617
31497194
31497799
40007389
31497603
20143106
38153616
20143083
20143272
31463239
40007329
20143495
20149526
10412689
40006108
24582023
e1041750744
39559095
31696717
31451329
20142503
e1027179291
e1362957633
e1362979782
e1027078249
e1363111689
e1363007529
e1362947753
20122795
31518225
31519826
20123595
24523973
40007020
40006461
31499876
33871883
20128473
31501011
24527725
24538334
e1043021535
e1319394266
e1047765103
19807122
20133215
40637993
40637835
e956564587
e1190898341
e1086283639
e1175417180
e1143750696
e1143740521
38151198
40641710
14953773
38266420
14939160
40325882
38187389
31851702
38179800
31854989
40008575
6953082
31851752
31520549
40006756
38154530
38154090
31512361
31511795
20123601
40016154
38167039
e1119537533
e1119416064
e1103157446
38163795
20128519
20129168
20128440
38163200
e1380368335
20130241
40307208
31871870
20130494
38169592
40301888
19806750
14879942
14879843
e1188267386
e1190924563
e1188281520
e1188329827
38278476
10467215
40647670
e1041743324
e1041711968
e1502715211
e1041731385
17544181
40010259
31906895
38180119
40313106
14939196
20128456
40009119
40009125
24528226
e1357404193
e1357277438
e1063919764
24524981
20128696
20129017
20128679
e1063188591
e1063209683
20130306
38174267
20129823
31869766
24528790
20129678
31429764
38169232
e1036951048
38148314
39559967
31520448
31505245
38156271
e1037021706
e1037029261
e1037570341
38274740
20152471
31875082
20152482
31874808
10412053
31481024
38171139
20141883
e1041753855
e1041705699
20142531
40328773
20142515
31451264
10462976
e996362010
31510817
31502973
31511010
31501580
31491351
31498462
31497903
40012786
40352614
e1110714776
e1111072740
e1111203773
e1110822232
e1366382346
e1093994939
31871178
20136113
38169047
20136105
38169144
31844592
40297412
38169037
20149563
38157301
38185977
e1026521205
31512904
31510057
10319483
6887778
38156859
31501738
14622146
e996438432
e996302354
e996383831
38229534
38232688
38228656
10319446
10319511
e1363089148
e1026431455
31844085
21845927
38158991
38155443
14621631
20122713
e996266570
e996260192
38154555
31880294
31508440
38154474
24523770
31880682
24523758
38154129
e1063196158
e1063995692
e1061743398
e1064016971
e1063131540
e1061757313
e1063949523
e1064011831
e1380360544
e1380344423
40004864
38152975
38152744
17314892
38281909
6910564
38153769
33824127
19432950
e1087381721
40016175
20135984
e1111266697
31492558
31492297
20133077
38152843
31489112
38153427
31494165
31495185
38153112
20133065
e956372363
31845556
38168721
38160422
31845194
33760262
38229933
19808288
40003803
38274100
10412183
40005462
31500541
e1170803286
e1175425088
e1175544553
e1143789912
38151454
31853123
38162211
38182270
40319038
31401853
38158836
38158812
40008734
31518597
38141462
38157284
e994112663
31876094
38172860
e1103884442
e1103026966
e1104170327
e1103260130
e1103132269
e1103843788
e1104258201
38283421
38282558
17318399
17315800
17317589
e1363940797
38143916
14708977
31856418
31844585
19434242
e1319354463
e1320868505
e1043047721
e1320929106
e1043044728
20141322
e956609247
e956578721
38156075
40008648
31511598
6929816
e1143803145
e1175507213
e1175190519
e1030257994
40010039
19882193
38160091
40009077
38160030
14938412
38159130
10462985
38158824
24527520
24527236
24528019
e1363404784
e1360119277
e1068189706
e1068281261
e1037042545
e1037047890
e1037635743
10411964
31888926
40309240
40309890
10412080
20149111
14880117
38155989
39560085
39559881
40004719
31501185
31880863
31880848
40004688
38152766
e1027281277
e1027104901
e1027156501
33883246
e995672434
e996443894
17266608
38175520
40016078
38178306
31875729
31863182
38167116
e1063902729
e1380015064
e1380332344
e1063867412
31867744
40307334
38173062
20130049
e1047731093
24539613
24539554
19813147
23750912
17508442
17508524
6929948
40007219
e1175166816
e1030253109
e1036806150
40009530
31493112
31493902
31488548
31518239
27625567
20122699
31518820
14621629
40006440
e996251431
e1363262902
e1363168218
e1065333063
e1363254972
31867102
38168632
e1021459255
e1022438708
38153267
40007184
31431157
e1063960840
14880951
33759674
38153169
e993372931
e993043187
31497400
31496944
31496964
20143256
31880977
40305752
31497012
20143705
38152640
e1036830986
e1042251034
e1041649794
e1041627839
e1041555298
e1041619028
17544646
38179054
40314987
38168313
40007275
e994280870
31519456
24524127
31519395
38154097
38155833
e1021463242
e1021486618
31493982
31431342
38224927
e1063247896
e1043067712
38153886
31440660
31507340
31507254
40005757
31504804
e993350356
e956708468
38153872
38157116
40005641
38153320
31517130
38153847
24549731
31877373
38173189
38173035
31880583
31880342
31873487
31880518
31875227
31880738
e1041722151
e1036846563
24313894
6953101
38153776
38168141
38173389
38170882
31501246
e996425484
31697029
40306840
31848386
40308107
27633498
e1121874316
e1111178313
31489087
31491833
20132918
e956332850
e1086488974
e956347125
31503225
31503378
31509350
20136134
31511359
31502176
40006564
e1030263961
38172163
40011012
20149623
38161292
20149671
17542569
31484201
40010309
40379765
31846191
17266063
31433255
e993389676
20124168
40306755
31710809
31849028
40376070
31433539
e1114096652
e1114013055
e1114110581
31492712
31492300
38168314
24539534
31506131
38154151
31509542
31506221
31506398
24530389
20132879
e955647274
38157297
40012402
38155400
31501214
31500168
38159371
40012545
e1170901608
e1170915540
e1175519652
38175002
40319585
38162909
40318784
40319266
e1030173701
e1027732160
14938559
24549943
e1026403598
e1026426532
e1027147048
e1026385540
e1025874757
e1026498826
e1026466407
e1026415428
33920570
27636330
38270879
e995540962
17268714
e1021952434
31508463
40006775
31513030
24522729
31513085
38154308
40006640
24522668
31508062
31510773
38154286
e1363143840
e1068205044
e1363394867
e1363185635
e1363663847
e1022024213
31430691
14656310
40355590
21931737
39556975
14656335
38153652
38144132
31502020
20129941
24528429
24528597
24528419
e919295143
24540180
21955777
24539111
31844885
31847161
38172237
14711983
14712770
38172095
20141389
24539542
20141363
e955627244
e956599550
38158294
e1037580859
e1037054446
20142353
31813342
38153139
38157097
10412049
31813418
20148884
38153117
38155229
e993359229
38177675
20143998
20143577
40311932
e1041569047
e1041638642
31500517
40004957
31846497
20150966
38272999
38273025
e1170894134
40011991
e1027937673
e1027910716
e1027950160
20150417
31873943
6887473
e1363683900
e996244853
e1363754492
e1363772000
e1065362344
e1363783585
38167232
e1021532444
e1021489693
e1353823696
e1022467158
e1360073669
24529236
20130087
31887400
32128031
31504430
24541509
e993369169
20143309
20143959
20143411
20143258
40313465
20144078
24541910
20143702
e1036943430
e1036933830
40008938
e1036861878
e994271979
e996286932
e995549946
40008517
40008350
38155543
38167398
38283548
21951782
10372040
17315797
21952057
17317505
38159115
19433959
21952014
31433548
34364280
10372499
38155103
31519446
38156224
e2292958407
e955659607
40008601
38148376
38148203
20143635
39835506
38148758
20143612
39558571
40009039
40314088
38159465
31845407
38162189
38181087
38158030
20150234
e1027021043
e1027008435
20122743
24523408
5292457
20122384
20122496
20122369
19422426
20122404
e1045613257
38167172
31862419
e1022454286
20132368
33759934
38172357
14656407
38225260
40344927
40344730
6900784
14656379
20130561
e1042601762
24542234
32136836
24544648
20141567
e957109847
e956698744
38147531
31457107
38154378
31455705
39835864
31880421
e995563432
e994455653
27625786
39556684
31506909
27625477
27625823
14621188
33825550
31510403
27626003
31509850
27625861
e1065407529
e1065439454
e1065423962
e1359317076
31877308
20148910
38152961
40309737
31813543
38152883
20148764
e993364350
24550516
31501820
31847834
20144138
38159004
e994098471
e994106565
e996369523
38252215
27628902
40371595
e1021939627
31509907
14621306
27626880
38173677
e1022037625
20122405
20128069
40310323
21845898
38163955
38226487
31877091
19381486
38224660
17266993
31878605
31503074
38168622
10371064
31843992
38168369
31491455
24530285
31495251
31491503
e955771784
24540072
31511577
38215809
31510581
e993354163
e994096538
20143392
e1383991697
e1383208256
e1383246378
e1037068130
e1036970854
e1037591117
e1037627997
e1036962021
e1383997836
19881396
e1378592370
e1378586983
e1030178878
38170110
5328915
33726118
14940172
40305893
38298737
33748521
e1026455424
e1025893453
40364908
27629457
40370266
40368732
31817328
40371321
38250618
33872909
20132789
20132759
20132700
20132658
38168412
40016310
20132675
e918662334
24539003
38162262
24539986
20137788
38164166
20138061
24539011
20137525
20133123
32156049
20132858
24530653
24530488
32154566
20133074
32148066
e955857641
31513125
e1170888784
e1175182934
e1378606208
e1378643931
38160157
e1027721127
e1030131669
e1027978880
e1030321837
e1030097717
e1030155279
e1030107636
e1030104369
e1027983317
e1030160619
21859910
17294973
38247372
14623819
20124006
20123851
17268503
38244232
33822638
19383300
21849477
24524469
38160865
38145178
20132716
20132713
31468232
31845367
17319833
31444155
14712587
32153487
32151951
32155559
32146835
32155532
32155943
e955848193
31501907
e1175143288
e1175529457
40298260
40298185
e1027767035
e1027753303
31452279
31460161
38275163
20150212
e988036636
e991673316
e990396629
6887455
14621848
31398994
33809089
10318819
31398099
10318929
e1039211026
e1054959945
31856987
20123914
20123631
24524031
20123768
31880099
40308131
40308395
38179043
38178784
33760587
e1068342932
31517784
40009860
21933790
31518011
38199173
31518662
40007606
40338415
31536920
31518707
20141530
40005778
24541803
31459613
39559790
40008475
10461724
38158869
38178668
31491674
38170347
14940064
31492275
38283567
33819912
e996275877
31518140
40008476
38157269
31514322
38160927
38158466
19433948
e917631875
38159690
20130597
e2293042318
24545186
32135619
24545189
32136515
32138166
24539573
32132417
e955756139
e957091656
38147501
24541696
31454084
20143649
24541729
e1031540646
e1031129463
38154896
38169577
40298137
31518436
31872673
e994466669
31901018
31900330
24550560
31847624
38183277
e1021933684
38140608
17265790
10318579
10318617
31397632
39556531
e1016678838
e1017227831
e1016791927
21848160
20125345
40343860
40308584
20126442
20125031
31863216
e1022041896
e1353828071
20122231
24523802
38174956
20122868
20122299
e1068292986
40344079
38157068
38157153
e994022959
38150166
38177395
38177930
24541991
20150976
e1383988478
31846594
40010711
40010269
31846970
31813364
20148889
40010370
e993131894
e993063649
e994475780
24312708
24314487
38180671
38185073
31814732
10465374
38180357
40318732
40341712
27626076
33743062
14621616
e1059358742
e1045607265
31402018
31868973
31852953
38170283
20130331
1275772
20129593
24528794
40317181
32151460
31846284
31521507
20130900
31513849
40638622
40008374
31451772
31457193
20141504
14879145
39559692
24541756
38147593
38147909
24541773
e1031179474
38154968
38155006
31518516
31519049
e995661460
e995572371
e995657084
31565963
38182225
6952955
17544452
e991654279
10318715
33807417
31398226
24526254
38167168
38167072
24525525
20124774
20128521
20128476
20128000
20128461
40014533
20128015
e1013485842
e1017181252
e1017258596
20125112
14658022
38158788
38151730
38152718
20125134
31478898
14658673
31475958
32128384
32165834
32166057
38154138
e993116960
24541889
e1383963597
e1383275431
e994444570
e994468383
38154017
38158506
40006396
38154028
38160883
31489335
40014316
31816062
31493733
e995536127
e1046832336
31816810
24523653
31699481
20133222
32162389
20133251
32163300
32157756
10371072
17314435
32162355
32157134
24531389
32163256
e934249583
e934265972
e956714546
e955806404
38215203
19539314
20137260
31891143
31513159
31575381
31893951
31845737
38170734
38299749
e1027043383
e1025890341
e1027092099
14623973
31847267
40366834
31400528
e1045660408
e1055470632
32047894
31437388
6881442
20124307
20124568
40374972
31813946
20133131
32146676
1269701
20133064
32145690
32148835
20132877
20133045
20133280
32146469
32152794
24540230
38234116
33896426
38283929
19134765
40321658
e2293001585
1270354
32168856
32157437
10370747
6910164
32179378
32157629
17314416
32172452
21949291
10370385
e955765456
20136994
31506806
31509820
31885422
e1174374170
e1175214598
38160064
38174539
31880418
24314762
34390439
e1025882643
e1027265261
33798425
38192499
24523781
38274974
31435250
24523977
31435420
14598292
38187894
31399509
40313094
27625546
20125573
20125339
31864957
31871614
20124304
e1021539394
e1022466079
10347355
24530717
38179775
31500611
38202200
38206337
31528467
31915491
40337775
31523902
1275445
10371116
1269396
6910231
32161751
17314131
6910297
38145197
14705400
31439889
32164351
e918628238
10395081
14848903
33921476
38288811
33863967
31762049
38238987
14888091
17314120
20141314
32160987
24540012
32168996
32152435
20133028
32175013
40011791
20136899
20136729
31509723
39559683
20136693
20136798
24538431
32135285
32135322
32136208
20141472
24539975
24539756
32135694
24539632
32135344
e994072777
24541726
38148105
24541823
39559567
38148091
38148010
38147810
39559817
e1032771691
40303036
38170717
20149132
40302988
e994461732
e995647343
e994478593
e994449613
31585640
6953838
38278916
31466986
e1175129224
e1175136630
20159209
38173457
31872650
31878308
e1027992313
24553959
38272106
20122241
20121839
38177153
e1013500984
e1017166123
e1016686874
e1017160367
10321052
10321214
31403842
14629477
e1404049437
31844164
38161171
24310778
31844049
38160730
38160345
38160175
40009797
e993120360
38178166
24316073
38184328
e988122489
e988110360
31867543
6887690
31862510
27626823
40341494
24519437
e1041796553
e1041882129
38222300
31896878
38187413
38221440
33747964
38222128
38221766
e1021943414
e984554418
e991641024
e988128215
31847129
24522769
20122086
14621551
31881124
17265785
20126187
20126068
e1022433776
31499830
20126447
27631876
20126438
17267881
38242614
32133151
33920109
1670804
38289550
33891472
31454185
3969279
31482663
31437172
31498877
32139630
32159595
32155595
32150998
24540227
20141777
32152783
e955740237
e957100950
e957104700
20143963
31847100
31518089
31848923
31456404
24541701
10461249
31813531
e994014131
40013316
38164896
14942095
31462031
38150363
38150079
e1037602481
e1402714548
e1037613425
e1383958335
e1384016629
14936972
e969284981
10464780
38163321
40006231
e994473034
6953303
10514173
31887456
e992991720
e990490707
38173599
24524165
e1383527835
e1045678930
e1383521412
e1383496279
e1383506847
20125044
20125051
31860403
24524749
20124535
20124451
24524554
e1022416911
38179242
38153883
40316721
38169950
20129372
20130190
e952681204
31990662
33812562
31917800
14644937
31912678
31918668
24540372
e994091194
31045376
15969366
20144106
39559966
38150525
20143744
e1384000820
e1035221772
e1032787063
e1037766504
24310822
20148929
31846455
31522504
38160894
38159824
e994439093
e994464384
3981352
31489798
14940308
31457718
38221692
38151580
38151849
38221463
38222036
31862275
e1041811491
31872416
1275812
1275818
32152067
5298448
38160971
38178616
19408108
19408140
24528954
32153550
32151530
e917576680
e919308020
e919510784
21948706
31581303
38262113
14662548
14662109
31551057
14664232
14667360
17306775
24540007
14879192
20141428
32164069
32137664
24540188
e952698132
38163021
31454213
40302651
24550037
38154704
31872330
e994435543
e1068596335
e1085184040
e1047266008
17248343
17230542
31513909
21831142
31508947
21850665
40011526
38159556
32179263
10370582
e936823553
e934257836
e936836192
6912807
6913789
20140130
38183034
38280843
e1028001109
e1012454461
e1170933618
10506610
31884669
31499063
40311531
24633927
20160188
24568122
31491102
31876569
40366172
40367772
31821277
38241534
38262351
e1039202520
e1054413990
e1039218974
e1047274096
e1055843576
e1047337617
e1045643343
1284555
e986821026
e986883432
38216204
31510542
e1017188503
e1017215355
10321665
31496309
31495904
20121741
38153876
31505949
20121767
31495858
40007194
31505216
e1017153173
38243929
5292983
38260913
40377047
40378188
40380487
5292988
e918419688
e918524812
e918738545
33844177
17389806
e2289772318
19432313
21950240
32176370
e938365649
20137452
24539118
31873318
20137693
40320878
32146204
10461072
6951880
6951838
24310079
32144311
14936581
14936549
31844636
31844009
e994042294
31154866
31503045
31852425
40011892
31850165
24313228
40015295
38162196
e1036915640
e1036887181
e1402590315
e1404596478
19880901
38158341
38158041
20148698
e969208035
e969284719
38278530
10465106
10465710
14941416
1144007
14943051
e1170948303
e1170921639
e1174349817
24633807
31880356
20497989
31851039
e1030219682
31876418
38164804
24568722
31483030
20159675
38164413
38153426
38152673
31483362
e988099423
14596898
24523105
24525141
10300249
31861612
40005350
e1055014113
31846457
33674788
31402050
14598703
31846246
31846159
20119154
14622924
e919485052
e952699251
e919586398
14675583
17303327
19427485
17306350
6902349
38208811
14679247
e957135960
e993382191
31457313
20143881
e1032857544
e1363117203
38163114
40014153
40014769
31829038
5341396
33901898
33894645
38171199
e994350519
e1085127659
40313115
e976820552
e988079904
e1047348523
e1054396573
e1042131644
21837308
32135292
40320495
31958338
10370752
6910289
1269344
e916513635
e916384851
e916534313
e917419564
23850995
e918710302
38198557
31906136
e918695558
6910178
32160264
38151761
40005252
10418966
31847197
38162021
e1323870576
e1324986608
e1323886677
e1170958335
e1323909401
e1324950721
e1171002845
e1170996065
e1030309012
31483597
31486179
31488174
e987675582
e990379889
e988052742
20126376
20130196
20126294
e1016781308
33794750
14625569
27629158
17269739
40305048
40364391
31504513
38154171
38254593
3968477
27633421
40646178
31444690
31959476
14643365
32133179
e993030953
e993025279
e993020612
e993035832
e993015394
e994031782
5331282
11780153
20799223
31150223
e1363123531
31534512
31529325
40009880
31528092
e975524463
14940431
38172556
10298296
31559719
20119243
40310201
38194359
38222656
e917272700
e918755477
22504798
19576872
23746439
32180358
21949884
14878866
32187311
14878612
23745685
e957149419
6930228
20136982
19814573
e1170984308
e1031663016
24633375
20499811
38161153
14987855
20500151
14990046
20497920
e1030191639
e1087486437
3991562
1290223
24640346
31862000
31864971
e991618912
e991609280
e987694298
40394353
31450620
14598527
32100121
33853202
32078210
38207722
e1045672218
e1055822448
e1039194679
38210824
24519833
31448122
31495522
6900626
31498852
31498467
20128425
38153921
38153899
31498106
31499332
38153706
e952670008
10341030
5296496
38204398
32139763
23741356
e993395116
e994102639
38147841
40307847
24550429
20143857
e972853811
40315085
38188618
38151665
38167969
38167207
38167772
38151435
31522494
21826583
e1373198954
38223534
14623183
38160500
32127766
32135532
31846026
24531785
31846051
24527105
32126532
32126644
24527010
e916576696
e917600473
e917555266
5300840
5301411
14694776
38233575
31438552
32143558
32133958
20141351
32164177
32167945
23740754
20143785
14888265
38162445
38162489
31459008
e1031760435
38161130
40011712
24633493
24633436
14990719
14990053
e1065719557
e1068562124
e1069040216
10520527
31901241
40359905
10516187
e987198426
33729697
31512781
40337805
20122578
38216284
31505026
40012626
e1017172684
e1016669718
e1016693916
e1017204133
e1017145041
33760168
31419985
23647219
e1402553550
e1402625659
e1404123450
e1402689354
e1404585231
38158786
e994028730
17546081
34362848
e1366191055
e1365755959
e1366240481
e1366234493
e1017252684
19382279
14624892
40362693
40366390
33749557
14626553
31850874
24522918
e1017136884
31591826
517760
31401986
14652485
40378722
e2292579421
e2292354830
19880461
e994100283
e1035220529
e1404139483
40011539
20148964
38160111
31525911
31519030
40011837
20148943
31526992
38285579
e1046231178
e1047321663
e981469026
10299759
31941084
38221159
31526596
e990474647
14591206
17227929
14592916
e1373684535
e1373691092
e1366438625
e1047498286
20119031
20118933
20118814
1269957
10346887
10346918
19407416
10346882
24526879
32130737
6900653
5298312
20127790
38153931
e952650716
e952611441
e917381109
e952658099
10353007
24530343
24531122
24530211
24530360
32145096
20133097
32156888
32145449
10370568
e934150793
e934168976
e936828036
e938374416
19512760
22058912
10381104
40364830
31921313
40355202
6927013
14878897
14878874
17406991
17406994
22505207
17503611
32142252
23741767
17503547
e993699503
20144022
38149951
38162769
38162178
38161304
38161994
20143919
e1037090159
e1037344610
e1036911985
38259203
40390713
e1079141202
e1077709160
e1085165966
e1068998191
32003092
e1012451262
e1027966028
e1012451439
38186743
31502008
40341118
20160064
38218088
e980502587
1026936
31555275
31933957
14595710
703377
14595650
19324390
19408211
21871911
e1040859139
e1045598856
e1039232128
e988428927
e988465166
e988481624
e991702884
e988535297
e990365996
38216924
38172364
38171723
38256869
31859685
24522829
21845404
32185641
10318307
27625239
14620829
e952441087
e952675058
e952452924
31973076
34456228
27639181
38239931
32093908
17314128
32159802
32160671
32133341
20132652
32158601
20132574
20132610
32160460
5312320
19541821
31723155
14840687
31455996
e2292075686
e2293164881
32159794
32165888
32170118
32177032
32159557
17314164
32164030
e936857584
e938358349
31924866
3970827
19567920
31918272
20139471
14839812
38302771
10385032
19550796
19880495
32141594
24551494
24549905
e993111370
e993096816
e1363131256
38261946
24633705
31520185
e968199238
e968244734
e969219654
e969285483
e972761467
40332962
e1170968316
e1030211573
20161005
38218572
38164900
20160978
20162619
40315163
e974393886
17228240
31533858
31541181
e1054873070
21949124
32163728
21949657
17313975
32163736
17313962
32133245
21948653
21948681
31922255
32194875
32207759
32195090
1271682
10370545
e938355723
e934215979
20139284
31718422
10418967
17388515
e1170973762
31541754
38163188
33819928
31541656
1274766
31543704
31541131
e1042126754
14600749
17242911
31928076
31928917
38280167
17239539
20127921
32129687
32133113
32132738
32132636
32126659
21949473
23865227
22059191
e2286972534
32133489
32157970
23744010
14876926
32134292
23746285
32132641
32175159
38225079
31523538
31488230
33748858
23753309
e1031742596
20500085
31851514
10505724
24633542
e1085254307
e1068575605
15044103
1289331
20537079
15001872
15001377
38277900
31878738
10514864
e990407001
e990449835
e990312372
e990342388
38214368
40312687
20120778
31700542
1270286
e952607729
e952600227
31797684
31628978
6902651
5300211
40342339
23742290
14879057
32147128
32178183
32158688
32151514
32173190
20143619
38147871
e1037556746
e1363111172
e972834403
e984125419
e984990875
e1364132770
20121831
e1016745439
e1017262305
19388758
21850759
38234841
27633065
40366420
3967775
40375298
40371379
38216377
40012880
31844460
31848509
20122100
20121793
38164012
10327246
40389171
e1017331807
e994065696
e993999641
24550895
31846395
38155079
31844165
31845410
31503161
31815035
e994009242
14943208
14942953
e961564297
e981417480
40004640
40005232
31456975
10297560
21828031
38150779
14589916
31466358
38151916
40003939
e1366428682
e1045630180
e1054400426
14599712
14599512
38267383
34349544
38266230
14599473
14599284
31494928
20126082
40010817
38223048
6877706
20122948
20123012
40348875
17244458
e1016753483
e1016764434
34350283
5295462
31401821
31410410
40378964
31538220
31413991
1284791
e952445615
e952438365
31483034
31428085
27643860
40386804
31417991
32148715
24526958
e917320513
21949553
31710842
38266792
32167801
32167407
22504313
32153357
14878039
10408980
e1220146249
e955927439
6930251
14889275
38225669
31484259
31487879
34328522
38223022
e1017203228
32173228
32176493
31521316
40009042
24549801
32175707
20147931
31845702
20148675
e1035199073
e1032837944
e1035185259
e1035193536
10503870
31542467
10503634
e969285318
e969285157
10465699
34359514
24551690
31955578
24550470
6976291
24552869
e1032744796
e1037022627
e1037009721
31844717
e1086264910
e988507313
e1047484890
e1054989619
e1046171622
21836037
31923984
31906238
40378906
10306659
31894201
10318316
21845226
21931337
e952459783
e952433794
31948623
23685153
18951393
18941468
17288379
33743705
20148255
24308556
32174299
e1379793520
e1379794172
20743113
40010769
40015245
31108390
15978714
11779386
e1037730628
e1037750977
38158738
1276020
20158915
24567274
14989584
31883343
e973141875
e968222978
38183870
6878830
14592096
31702884
31439043
6878963
e1046231482
e1046189443
40331775
40327974
32150467
32147090
19406959
14700784
39562729
17320799
e952691707
e952620041
31475172
19473883
5317641
10418463
10418476
31488558
23753211
38157711
31549723
24636220
14987219
40007763
e981456115
e976733409
e981379239
14599777
6880867
31943666
703491
38278891
21836898
10370486
32178726
14704698
14704765
32185285
32176788
21950003
32181097
19432023
10370429
32189247
31940271
1387327
31944010
32002645
e1012288176
e1012451006
e1012365563
e1012458519
e1012454693
40642254
38263450
38185165
38181800
e962193965
e976048996
e962315227
40352217
10299852
31899700
5289537
38221079
e1042123086
31553766
33888345
17232373
10371346
32161011
14705216
32161340
32156340
32161448
14705415
5304503
10370658
19557887
22059924
3970710
17386468
40352201
40388502
31960776
17386475
39554241
31768547
21949605
32164477
10370462
e934177126
e936850980
14840217
e1012367389
e1012366851
14994791
31897550
40314525
38174732
10508007
20161120
24572032
31870237
e981007128
e974538837
e980957194
17264945
38231271
31543560
33891231
31578406
21839459
20121888
38163912
40015033
31511460
31848557
e1016700987
e1016718498
e1016737280
3967959
40383667
38262522
38248783
6893729
33822672
17315190
21950573
21950731
10371021
19433832
10371339
14877458
32217768
17502608
20142169
24540236
5304257
32217062
e938350612
14842775
31907103
31938669
10384789
1674161
40336830
e1017326515
20148298
20148345
14936374
31845885
40012640
14936245
e994085469
e994056204
38282727
24550598
31502342
38154114
e1333194781
e1012367854
e1333216637
e1012455276
e1327808175
10505655
38181288
14989225
38168497
31852956
38167697
38168034
20509613
20162011
40314107
15003866
20509496
38175955
20122131
21824850
31849962
31851783
e952443378
33815409
38260172
27636799
31416000
40389961
21862235
38159030
38154407
38156712
40009065
24550085
20147976
40009345
38157892
e979471478
40012383
14941724
38183653
31497565
17546401
31876252
38147001
38258619
39560742
31819617
10461107
e969238865
20520939
38161754
20151039
24645626
34361535
e974523946
1274778
38190468
e1046208759
38271517
14599959
38270307
38268098
17238269
33943494
38163477
40394588
10299945
40390071
20118610
33866845
31491388
20118696
31853378
e1055796448
e1059376439
e1055810877
38156487
38183384
38170561
31858589
31860062
20119169
20120783
21930930
10346475
1270240
32154015
32153709
32154225
6900438
e952010068
20474251
e952029024
e952587071
e952020719
6910661
32185705
32187782
32160947
21951202
32204752
21950557
e1384982147
14877013
17407169
e956740902
e934199072
6930212
17389410
6930304
10418655
6930154
19814866
31494323
e1379907909
e2292244875
e1380638716
23743315
19805169
32157912
32157420
23742699
e993704276
14888237
23752278
24541845
14888400
23753221
40002085
e1035955096
31884808
38157381
24641086
e1085617950
40378092
10513854
38267946
15023173
20523900
20520550
21969463
e1029991757
e1029991629
14989348
20499784
e1065687823
e1085248267
33914383
24901404
38288914
31775967
20525544
38284804
38288019
40346256
33913370
e986804328
e984922078
38206475
14583887
19371312
40344922
27625200
32185881
32164399
27625169
32166186
27625290
32185845
32166295
33745853
40385557
24308579
32143382
e974058980
e1379795104
e1379787192
20152285
31875455
31499053
20152305
40334587
20151509
24552037
20152292
e1032886105
20158574
40385011
40372891
20495424
e968495549
24687803
31922733
40334339
15006102
38171358
e981408888
e980618408
e974345680
e974329720
38279386
703295
38279341
e1041894128
e1054896377
e1054922773
31894195
31537849
14603355
38195198
38187497
31541347
e1385059285
e1385057286
e1385065279
e1385102002
e1385108337
23742004
10411130
e975286949
e955904449
38215552
40347948
38148996
38222577
6931120
40346653
e1029988894
e1029992478
31863321
14988698
31854333
38172420
31854024
40382924
e1069022949
e1085220146
e1079126509
e1068553747
e1085237961
19362705
40359211
40359732
6877530
17232005
40345362
40389391
31979767
33861386
e1041915344
38254234
33882603
40389705
6900351
19454791
31808066
31809175
19467697
31809515
10369755
23741683
32148180
23741723
e1379789762
e971333335
e980280092
24551838
38162131
40011716
20152503
e1029988991
31874907
40007976
31450943
40007612
10504191
38146418
31516505
31875707
e969284276
20539591
31942604
31867205
31910520
40337205
31922622
38279719
21828240
e1042129837
19354642
40329501
31557566
31550900
20121850
38165431
20122536
e984968806
40015980
31859571
e1016710153
e1016726337
17280785
32147698
e951989821
e952628405
e952000884
38166857
e1380651414
e1379896238
e1380580457
e1380631735
e1380596859
e993711285
31486817
38225439
38225261
40347809
e1017320522
38164386
31877730
40305614
38172756
24309846
14986043
38173162
e975143941
e975096810
e980015875
6954569
38155620
40009184
40005704
38144550
38144644
39560168
39560436
38147288
38255495
e993050991
e979923629
40012084
31501621
38153518
38163516
e1029991339
e1029985704
e1029991237
38154194
5341370
31488167
31490308
34327625
38194207
e1079121032
e1068528898
e1068624703
e1085201445
31883401
10513984
3993440
5343207
21867348
21837155
19342983
e984090915
38159733
38154989
14585451
20122690
24519170
38159910
31561469
33753404
38260512
21837815
38255491
e2293202730
e2293060036
17265532
27625207
14620812
21845403
32173750
31431437
32172796
3961509
21949840
3961596
32187743
17313753
6910208
5304113
32169969
17313708
32179451
22057165
40364303
40362353
40349646
19520203
19509790
32013262
38208147
40353541
40008014
20149720
39559872
39558390
e974918905
e974886923
e974236696
38182187
10466170
19886293
6954274
6954002
31861148
e1035404208
e974125875
24665513
40339040
31866989
40336655
40338290
38199416
e1018643881
e1012455969
e1018654946
e1012266087
e1012244085
e1012454904
32120161
33902293
21834001
6910547
1270225
21953013
10371036
21950985
e1384690892
e1384940897
e1384694685
5304118
3961515
e934282299
e934162863
22048725
22044902
40335730
e1012252332
e1017302055
e1029992267
20505040
20502467
20502212
e1012281340
e1017346946
e1012371046
6973165
31991194
10509073
e968687595
e980600425
e976850466
6879204
17234834
14603206
10300575
33942879
1269381
32170871
6910703
14703306
e1386883453
e1384955072
e1384962976
e1384967306
e1384949322
e1384706327
e1384964705
e1384952177
e975289544
33759891
38179094
e1012257450
e1012450447
38192847
20511127
38199098
38196978
15002750
e980587013
e980931877
31701219
34335401
31438096
34360331
38277824
38280617
10298767
e1039189417
e1039226890
e1041874843
6882748
21838827
10307447
20127854
32147657
32147887
21845312
32153096
e993055684
17509585
38151507
38152623
38151587
38148704
38152619
31485513
e1029991456
e1029985885
40007097
38181845
20497237
38191435
40334913
40007923
31885451
40008099
31488745
e1079163488
e1068606760
e1064077825
e1085610707
3993104
20524452
20525772
38296066
e986934201
6875973
38154886
40006355
10299716
40355782
19350744
33885379
40390702
21845268
32166096
21845229
17265473
21845142
24522828
32167179
21845133
32166392
32175663
32143353
24549780
20148634
20148657
31442019
20147806
20147829
32142972
32140842
31848341
24551914
e1044899362
31516545
31517870
20495332
24606588
38172279
e974284223
e969282985
e969284506
e974139517
40338118
e974375070
38205339
31534277
38216015
19310955
40356685
5284917
40385708
17242164
38282071
31536553
38281596
40383755
32127256
32164687
17314720
32161540
1269405
e1384628298
e1384626504
e1384638327
e1385045554
e1386851960
e1384647128
e1385049308
e1386843334
e1386831461
e1386848079
e974859424
e974717795
e1285572165
e975283628
1675354
19826913
40357506
3973157
10423035
e1029987046
3990571
20501344
1079300
38191358
20500712
e1068635284
e981366002
e981488277
31526278
38267634
31917452
982944
31831424
31888057
19351127
40329455
40330380
40330112
40325129
32128051
19405937
24526895
32130241
24526893
32128128
32129966
32133526
32154058
32166119
32134365
e1385123500
e1386825144
e1385115136
e1386829762
e1386857814
e1380568529
e1384975703
e975287527
e975282736
40345925
31499182
40355149
38270175
40316011
6971805
38174378
40319426
e1087462593
e1069030937
e984074487
e985012594
10291720
10318281
14586202
24522725
32172391
32172910
32172098
40015594
38167036
38252128
27636902
33827239
31406233
31724175
27637591
40380126
31419350
e1017336517
e1018822231
5328524
31848033
e977090124
e979762775
31511307
20522670
31510445
31865509
e984888425
e987175276
e984435548
e984571500
e984908507
14585626
31607172
17220544
3952597
19325048
40383796
14620796
10318290
14620848
32172469
32174218
21845462
33797666
31468418
31410984
27634451
33830513
27634537
40391288
38259561
38262057
40390372
e1017187767
31438495
24553284
31847911
31850736
20147876
31848585
24309843
e974800400
38146460
38146136
38147010
39559159
38146296
39559533
e973730376
e979929051
e969282553
31856349
31853403
15008569
38168835
e974313573
6877023
31584377
33894176
40640025
6876666
17225321
40378308
21827715
31820737
21828742
40642875
19351985
5288923
31819764
38156235
21836720
38156290
32149654
6900657
32143127
32153091
31809127
39552796
19464629
39550518
38166664
10463491
32169962
24322236
14941396
32170940
24307921
e974031675
23753339
10418680
38151278
20152146
40005122
40004549
20152319
38167920
e1041800006
e1029986724
e1029980062
e1065745951
40394851
38290642
e976864145
14571797
20119281
40330412
38194815
38159706
40009191
31845334
38261340
20478869
38247066
10358745
24683054
32094265
39560804
32186125
17312603
39555521
38221942
39563252
e1375772169
e1376316376
e1380645789
e1376354264
e1379949857
e1380605448
e1379936520
e975281448
40346121
38232495
40358289
38237539
e1017200936
e1017191596
24552323
20148724
39558890
20148117
e974259612
19885931
38167856
e1369625923
e1369842913
31544802
31434832
38171008
33886159
e969283444
e969283622
e969283963
20521606
38203289
e1029986607
e1048864926
31534932
40348871
40648578
20506523
20525942
e2274978829
14703803
32162349
19431091
32154935
32162759
21948858
32160145
21948299
32163070
32161916
19431352
31930522
40335822
38274722
38204330
31529455
32208108
32164214
32161301
10369435
1270083
21949945
32189873
34372516
1086332
32156164
14876946
38184309
40323679
31872094
38178318
1287001
31869304
40320440
38178783
38195127
32014047
21822332
31503148
14607796
31912717
40367787
31921559
40387472
33812888
e980486873
1024285
19320272
38254317
21825819
21830557
31543288
31537666
38253697
40386730
17240767
20121632
27625389
e2289214730
14704086
32187514
10369063
32182591
32177294
e2275158176
38232303
14890823
38265331
31457168
3973187
32141876
10463507
17540061
14950357
5329552
17544981
17542638
32173400
e1360095187
10466100
31857324
6954552
10466271
e1370677249
e1370425610
e1368853654
e1369859824
e1370629545
e1366342436
e1370740656
e1369654163
e859904514
e868643606
e972932140
15027310
37762542
40346947
6976136
31882324
24633962
40329666
31895083
40319469
40323974
40324666
14989553
24633899
40334103
38185728
15002901
38200372
38202369
e976195838
e957880032
31522420
31593597
10296083
40323547
40328244
40322704
31533328
20127736
32145683
20127798
32145700
32145174
20127783
24712019
39559902
39547280
e1380257537
e1379981779
19811791
3981018
1271891
10460681
e962204989
6955526
38197083
31492074
33945819
14892518
e1042720208
e1029990790
e1048920986
e1029992372
e1029991089
31456255
1274664
38269809
e986950657
e984451482
985256
32205592
21825675
10291425
33896780
32171194
31542733
38282535
32203839
10291446
32173661
21864599
31691294
27633426
40391482
38256640
10344534
32155651
10344273
1270346
10344487
32157755
e974864362
e974866871
5318962
38188373
e1017185194
38163053
20158446
31846777
e977016321
15013776
5347604
1610126
40351971
35596682
31442373
38146170
31450021
38146014
40008603
39559938
e979997241
e979992047
31851489
15010764
5341464
40324109
40349437
40309868
31915400
10511623
10510980
40335300
40335469
31986163
38211477
24637843
31967152
33887982
20121710
20121665
24522554
20121600
32129386
32130689
24523011
32142310
e1017210934
e1017182865
e1017176550
31857919
38176353
31875486
6952181
19883418
20149178
31450103
38146548
24566778
24566673
38171606
38162421
38162428
38162374
31450236
e860452769
e969283240
35781198
15010404
31820357
31577227
10281498
19405673
10344270
19412315
17304608
32157821
e1386845010
32300460
32253866
32319879
38284192
10431545
20499716
24635721
40314697
40647734
40322873
31886586
20528096
38191300
40359088
31887258
24672151
38180769
31896201
38187356
e957927848
e975623708
e957131716
e980576136
e980547265
31545352
38285103
14576908
38284848
38272933
10305748
19353050
6882477
6882423
38191937
32127350
14620876
19378748
10318325
21845331
32130779
14620864
32130249
32130817
32127082
32130265
10459256
32176192
19881801
32152290
32155237
e966059671
e963838683
e970589362
10469725
33946963
33905371
6956039
38274939
e1029989151
e1029986901
e1048890844
e859885367
e1064123551
e1518087316
31708750
41186029
42155237
20526281
40376843
38254706
17221393
40371954
40374926
24522501
32174867
32175526
e2292197260
17540429
20147880
32142673
17540422
38161886
17540040
20148667
e979434543
e980041943
14942961
14943243
19886184
24551640
24551696
38170841
e1029983565
e1029992038
e1368993539
e868619734
e859918531
e859952388
40150616
31899336
35698560
5346274
e981394312
31517865
5284938
33928137
31549498
32229311
32128294
14658925
32209356
32205767
32201563
32214350
e1379990774
e975306707
e975306462
e962266923
17522387
31529743
10420458
31882971
23954943
1079316
10506125
38222379
40648309
33824211
40324074
31881133
31490681
31881214
38181188
40332072
38191798
40359741
e1427276625
19321004
19323105
21826266
32200685
e1017341434
e1017348492
e1017432730
e1018478404
38156141
38156216
20158725
e979502764
e979475142
1610179
10318238
21845152
21845174
21845815
21845252
6887351
e2276809358
3980795
1272349
19884839
32152609
32214054
e1360085463
e1360099021
10473037
20059666
31849915
33941225
38177413
38284697
e1029985557
e1370747317
e1370682286
e1371055176
e1029987790
e1371068640
6971544
e858673345
e1518091616
e868555265
19192746
e868888516
31543266
32129536
20121716
32174195
17217911
21824026
32172938
34375126
19434013
5303848
21949301
14704273
34375626
17312308
32160043
e1017446434
e1017216536
e975165071
e977041442
e979755241
38233715
6954742
31816039
40353860
38145976
38145940
24607107
14985808
e868836321
e860433078
41161251
24646298
20161929
31851537
31601180
14569481
38156478
38157825
6867657
31602626
10280262
e2287285071
32221499
21853647
19381468
32197601
32218789
32308662
32194971
32236456
32232342
19381452
32189293
e1380553026
e1380615226
32218886
e962317559
10419728
6933452
31901077
40337465
33885191
38201612
e1029990998
e2285553412
19431865
14702120
17312517
32177174
21949332
21949093
32196113
14702946
6926790
23741485
10407238
32158181
17313246
10407227
32166586
17501190
14704738
32191887
24522569
32130669
20121674
24522924
24522547
32144815
e1017450819
e1018453398
e1018462767
e975298774
e980032875
10466659
1397602
14943775
19886578
14944623
38171143
38171512
38171407
38171250
38171493
31875676
39557152
24569641
31850084
e869035367
e861825129
e868821096
42269096
6980135
32160292
32169288
14702133
23740810
32153350
23743368
23741506
32182137
19794384
32188103
32198483
32196626
17510812
38151441
10421596
31892252
31528633
40005496
10283539
31567013
31830227
33931361
31590966
31564368
e961509136
38270655
10281336
31814890
34360836
34349557
32239069
32238825
32174319
32200535
32215646
32186166
e2292848584
32184002
32181225
32211309
32202480
32251377
32213217
32191956
32175774
17304208
32208301
32221370
e979223349
33791980
31540437
31445495
10430058
33884308
19873570
38289174
33889935
3980845
5316653
32153672
31850629
24307980
e963917376
e968569908
e962991750
10505375
38188223
31858386
38174953
31944640
24583607
24633901
33886725
38260566
31537196
38259788
31547721
19320512
6887217
32182638
32190296
32182027
21845843
e2276695359
e952581585
e950540860
e952589749
e950359747
10458803
33711688
33749747
19886592
14943047
38170848
31850168
24314329
e1047286297
e1029983733
10291470
21826720
37334255
32199305
e2283140790
21827300
17218565
1267128
32195981
1269407
10291335
31105467
17218844
e952625688
38148421
40002455
40001744
38150081
40003839
38148437
e868971385
42327546
39965406
e1017353176
e1018468989
e1017408274
20498504
3990276
38181582
e861254402
e863014627
40181464
42291572
10528763
29001678
41470168
15020693
6980907
e976068196
e976158570
e968570874
e976126958
e956861362
38160710
40014559
31600299
21824836
703186
32244545
32306315
32450487
32222065
32157291
10352482
32410285
32193042
32398523
32459993
23881886
31546437
31470038
33834272
40387282
14682012
38254476
10360068
40388826
31504504
40381350
33821957
33834140
32330375
32207697
e1285544945
33890642
10420119
32144352
20121613
24522511
32144289
24522507
20121640
14937194
e975422278
e979726911
e979461947
e1017380236
31911843
20158555
14986690
31887199
20159982
40323811
e868605746
e860427769
42293899
37637533
31583578
38280409
38286772
10318012
17265326
10318008
32186495
32130852
32126590
14620645
6887145
31855117
19881736
6951396
38167965
e964960844
e963992202
e970542254
e970610523
1397534
40361384
40324580
40365228
40365129
40320951
40324971
e1284176044
10525100
41507710
41503360
41193441
21813348
38158910
40018128
34354267
6887163
1270785
32183560
24522912
32449386
23872489
32313932
5301724
32341038
32234701
5291976
32205527
32189602
32198479
32197037
32194828
34371458
32166235
19432585
19432555
32331998
17501103
32256359
32232240
19881123
32241851
32222804
32239404
32255256
e974865331
e975277386
e975280616
17512297
31534594
33857015
19212804
33892727
24322876
38232159
38201158
31689298
33736779
31817055
40014336
24315279
14944589
31857984
38167739
e1029989297
e1029987614
38191962
40357903
20496465
38239281
31924013
31458154
40360619
31915077
40361929
e861290170
e862583429
36615632
39358802
10525472
35663521
42275941
37642325
31857507
40303495
31857989
38168579
20165360
40302424
20165678
40304109
40304556
31857906
31857462
985083
32202177
14702330
1269197
10317623
10317580
21844731
32182625
14619835
32179218
32170512
19377996
32171078
e950524517
e952641550
e950561666
e952595704
e950331253
17539066
e970637784
14945486
31844777
14945545
31868351
17548500
40320655
38172107
38237553
40361205
e1518081570
e1284200788
38270534
38288238
e2283389885
e1427351275
985182
31031809
10292830
17222596
e2287162921
32470137
32234849
32192876
3956033
32154926
32142598
32162504
32152678
19881916
19882143
e968973869
31937185
23756639
40317931
10467779
31731376
33741396
e956782268
31434834
38148778
e861261252
e860410706
10529332
36308371
41494045
41482483
21813213
31565057
38286367
31565154
34009557
31836780
34009954
38270864
21831084
37336240
32202494
21826097
32241291
6874582
6876400
32193570
32235204
21827199
1268061
32239829
e2292722065
e2292772251
14664167
10346055
32304478
32182787
3958845
10346111
32299536
19414658
e1009026705
e1009050741
e1012972774
31735044
19428098
1672038
38200557
31722940
6903605
38251428
21944466
33935536
33906130
19908116
5319209
31799805
38289667
33890224
38284669
40004259
31450696
38148653
20158403
31858002
38149680
38148195
31451092
38147449
5347761
29637875
20529226
1608995
e1017375399
38230574
24642575
38162460
40333341
e861787656
e860363457
e868923738
21823911
32182864
21823821
32193478
32194502
14619813
e950467591
e950275166
e950294243
e952861476
e950440274
24641522
38198411
31902878
31954686
40346832
38212417
40335434
e979699533
e979639450
e979676878
40945082
e1017400036
e1017395755
e1017363004
e1017428671
14987300
38190756
31917717
38187317
e1286956786
37638482
39348977
38284020
10280178
e2283625210
32247757
32416359
23888227
e1008543414
e1008531045
e1009036007
38178532
19415882
6903756
40318216
14686346
5300628
40320255
e974866364
e974865105
19911624
17203252
38279977
31556869
33924205
38279876
31841093
38289731
17265743
32170381
10318087
10318203
14934060
10458659
38174008
e968717317
e968666071
e968620134
19887121
29038707
e1284145161
40071788
20637280
35611752
41591869
42306114
41592750
24851749
42303469
41588090
35307559
5291970
5291931
32173989
e952570526
e966092181
e970578915
38168415
38168890
20153408
e1284391462
e1286765908
26436153
38554945
38721232
41507525
41509181
41506809
41505046
40018505
31405313
40014650
32463384
32393548
40316330
5300588
31896547
38183995
40318971
e974867109
e975281075
33839809
24323874
38280338
38283419
37337518
37334443
31049676
37345028
21824252
21385573
37345643
17219800
32225622
31029975
40004742
38147345
38145534
31439405
e868950195
14984674
38230380
40347302
40347237
38149921
e862565793
e861755581
e2276887697
32181932
21826252
32182310
32227438
32189994
10291128
10289607
32207104
32222584
32199687
e956768725
e955795485
e955781291
e952664505
6971186
31937616
38280758
38279643
38197031
38191018
e862554393
e930241164
42322810
39366368
e1018486123
40318904
38162090
3990390
24566592
36324105
15012742
15017474
41468192
38533712
29012415
10525922
32182365
32214068
32212623
32182300
21932398
32191246
32196212
17300579
40342694
31916833
10459785
40326294
32165651
e970623594
6954951
10467942
e1284217107
29206588
32350603
32436414
23823038
23868887
14620066
32196448
19173231
e1285583447
e970570211
e963862601
31446283
40363501
36999870
37000007
37000175
37000104
37000154
37000048
37000041
10317598
19317863
32172730
1027289
10317590
1027288
32181424
10317531
6874134
32272157
10346006
17311884
32301491
14655889
17301876
e1013131667
38195618
707278
38208563
14684020
21944988
40340440
31518953
e950508538
e961750587
e952824045
e952806713
e970527324
15016356
20153122
24551599
14944573
41464381
e1017423035
e1017417411
e1286899994
e1284590500
39320975
10525257
24831648
28908583
20520521
32417685
32460850
32453511
32443266
e971507538
e975284014
10429639
19190894
24066684
10434843
6937586
17525754
24319701
31856395
17559963
24316361
33759161
38244744
40363777
e970548248
31847265
42297622
37705159
42294893
39291823
42302220
32252595
21831422
e956583279
e956792409
17576629
17325110
40350740
3990905
31859531
31877544
14998633
24577774
24569790
e868593478
38551760
41492515
24670170
992628
32207562
32183136
32222320
10502530
14992069
40003445
e930247534
e868451416
e861282680
e868442480
e929464320
31850665
31852804
40016666
24567500
40016194
40961898
39195264
27624678
31404523
27624887
27624687
31622562
14567265
27624749
27624707
27624864
14567328
27624702
32405243
17298782
32194635
32452197
e964164218
e968963736
e2289532551
6874394
e2289690158
1267256
702908
19321654
32225678
e956729992
14984876
e967362332
e1285597444
e964107466
38181337
e1017392599
40322954
38167153
e1021122764
15011416
6980082
41617826
41092772
24664046
15012839
15012649
e965916537
20153456
20154599
24558041
40306152
31923210
20153466
10467380
e1284550175
e1284505791
26414433
1399103
41684269
31622086
32174957
14581411
32175054
10289729
32181633
e969099072
11784512
16515663
31445308
31462141
38250008
31447946
31112947
10477748
40372471
38173195
38190671
31918607
40370642
24309454
31946133
e964155392
31511153
38181104
20530588
38189498
40007431
31847302
39837213
38167257
20165927
39836928
20165861
20165633
39838282
38147904
31920525
40015572
29027951
37685267
20166387
10608782
39232865
35309998
24589376
38211638
31960251
40345510
31995764
14689012
e955923437
e955950724
e956614444
24577329
31859985
38201606
38202954
40349686
20496045
42317599
42240584
1609089
29048990
15023046
29596256
41699864
36264665
e955886993
e955814926
40331088
40348801
40349844
e1021120656
41548235
35690275
42327258
38539668
15013824
15013957
1609540
15018230
e964048194
31527695
19887236
14956506
40370721
40372377
20154176
10467613
38228898
31853007
e1284467049
10609328
42304473
37625469
7012445
42296326
39387888
19319131
32174461
3952139
1267316
e975712980
39554117
24054431
4663214
32039981
23709574
32229251
23580035
31722466
e974957704
e975675682
e974493115
1475821
20155482
20072849
20164054
10479967
7804693
e956743112
38174407
e930253385
e929419690
20529526
39211148
20165215
31844315
31844343
20165430
38163497
31441231
31442097
20165588
15101018
e1021124956
e1021125820
10608336
24831583
7012522
35259639
26266616
20162437
26266559
29345780
32176928
19319766
32181692
32180119
32184251
6874438
32179387
10289667
10289233
31879575
e955969863
31702344
24608157
e928919365
15014857
38187232
37630873
15017090
40320948
31446480
39836984
24832517
29393888
5364684
15103902
10608403
20638829
38583962
e974468877
e970723514
e970659401
e976235896
38213427
9693408
32665812
e974580278
38224954
1474560
20154702
31850018
24556835
6956391
31478951
31856234
e968107277
29357411
7011953
41646390
38670669
26417225
41644942
40647481
38251807
40644676
40647065
32338778
38268095
38268078
40647492
38252074
40647116
40647105
40647484
20495745
33819487
31469896
33808097
40368325
10502638
40370272
31699883
14986485
38244997
24612594
31484303
e1396054180
e1412123260
e1407400706
e1395498890
e1411003811
e1408064307
e1411003105
e1407315967
e1395506174
e1407328834
e1284433914
26041365
36662520
35994311
37736004
40111908
37592207
e975749769
24072773
31485069
38243430
31181780
32306165
25232447
33934673
34327214
34327791
34327559
34327818
34327826
34328076
14536652
21789609
34327861
36999418
34327926
e956811608
e1021122318
e1021123199
e930585876
20161782
42254504
38715831
26032844
20527705
20161450
35720960
38542098
e956667495
34392457
40311026
40357297
31492921
40364240
33761730
14985198
e927695534
e930577722
35611304
42222788
41571842
28719944
41570686
17682443
31856838
24639132
31878303
17682450
40344137
10504317
31887830
31844065
38195416
e1021123595
e1021115750
39962371
15013745
40933215
29002485
6980776
24664096
17215965
10289468
5285873
e955843753
14984094
38177352
38174258
6970820
e927536779
e928405829
e931651170
10532551
42227800
15018970
37608933
31845244
24583617
37612883
37612451
42216475
37588699
38655273
41479497
e976384250
e1411203672
e1411203649
e1411016790
38233516
31510654
38711771
42244074
35612135
e974981666
e976102433
e976068411
20059472
23585127
32351007
23878647
38220196
24606243
31694793
40010383
40311858
40009179
14987081
38155990
e927524837
e1408058233
e1407387925
e1408071116
e1407614456
e1395494205
e1407623178
10608531
39992865
e970627967
38233654
e973328299
e973361066
32272884
38217197
38217645
e1285554448
e976348881
e976430346
e975767964
e975791324
14951696
40343532
40344166
28846939
37738535
20162810
10609039
24570405
40340349
10609582
e1021109264
7013127
24838733
42204648
35265917
42204649
e1518074653
e961512004
20637279
36291534
36272730
29411931
39198410
35642324
37000394
24517817
24680807
36266114
e1410615785
e961534640
28861698
42248793
38762892
41593799
20165106
37731616
26039459
41656809
41121885
32170640
14581659
32181382
32170229
32175419
32177842
e1003654432
32091780
26802339
21125588
39545326
40647531
31129303
39554089
39562627
8157848
31138056
e955872767
e955857308
e956701651
39558099
10501635
31447906
38177335
40310635
6970796
e929428469
e929433261
40100767
42236545
31892641
40012333
40012121
31846073
31892377
38275307
10505626
31891863
e1021108660
15103722
40114551
40115226
37678951
7012871
15103704
20638674
32439162
e1003919850
e1003999483
e1004052684
17417166
39551011
17435653
39562254
12573601
32230412
39560932
e971591509
e976123877
e976157785
e974261169
38274024
39564847
22046840
38252023
38154957
40646887
31437937
24606696
6982336
15016998
28835903
35678813
20638609
24831621
38587333
1399942
1399985
41014120
20638591
36999867
e937156759
e937199192
e937182944
e937216104
e976397363
1472320
24580748
e961493998
e961510925
e971633840
e976089012
e971553040
e976054533
19203809
16370301
16372581
e929261440
e966625356
e961535399
e961506547
37612642
40956082
40958801
39228919
37612849
40054892
e1021110117
24570220
42204585
40933056
10501671
40311781
38177940
24606343
38231511
24606394
38177871
38178762
38178418
28959803
39299663
38599135
39256135
24669888
36220647
24682650
41587532
40101057
35629751
e1021110424
e1021112658
e1021110751
e1021117100
10610933
e1021111173
e1021109833
38225689
24887968
39561189
38239009
39551974
31957904
38155729
e929475110
42245690
38691747
36267612
e1287228510
e1287162056
e2092387427
42217189
e1408362090
e1408362323
e1422452115
e1408379594
e1408361797
e1422432542
e968013636
42277268
38674192
25021633
36221485
25023775
42210783
e1247463029
e936958644
5333264
e961494388
15214208
e961494770
39966009
35676611
38147187
32653783
32741207
39548541
39560356
38160005
16196142
39563075
39563092
39564879
39561722
23656319
e1004026253
39561533
38156860
38157773
e927680639
e933323034
e932719033
e927684871
e933031663
e929272720
e929446166
38691605
1467257
42222085
e2085314613
e961517336
e1287201378
28861758
34350657
26034630
38583027
35992103
24583613
26413976
31967033
40381010
e1012887979
e1219926442
e974870000
40349753
32074930
1027487
6080170
5608624
17441173
8161246
38214077
17938501
5604865
40361886
e1219957206
e936985200
e936971394
e936924416
29226466
e929266885
e1410615599
e1410618940
e1408396641
e1422458801
e1410614190
e1422409454
e961514357
e961505807
41631888
41631523
24831223
35260077
37612967
e931168980
e931164652
e1021124211
e1021119532
e931159974
e931162239
26592907
29487551
35778048
35783642
26591690
e1021113383
e1021112297
e936907000
e936914823
3985945
1478528
16329315
31447779
e929412575
28965590
35781256
35992875
35772174
38525476
41519039
24673268
10542872
42219709
31622062
e991219785
40112263
26225829
39245550
34384595
e1287036193
e1287241957
e1287126176
e1287109552
e1287007615
37721354
37574650
e929377442
20061801
35674532
6982391
5332931
e961495331
e961496580
e966629730
e967883770
26653169
37705942
1399304
29008072
29412751
24449063
36999398
36999336
e1157870454
e936893826
e936823429
e936833246
20101419
e961497901
e961513087
e1518071359
35618011
37620482
39335200
36225319
7052276
37622996
40109839
e929278884
e991155588
e929283873
e961508991
e1295263756
35619418
25027503
35260356
32559666
38243071
e1003579030
38244212
32585767
38216457
32748053
38142026
38224533
e1004093490
32142095
23686150
