e1021445710
e1021440196
e1021472762
e1021452274
21957528
21958234
31945170
14712936
38200232
31903216
19438537
3962011
e1021455241
e1021462366
e1021457935
e1021191768
38198334
31916478
24533073
31891580
20136203
20134632
31885150
40312420
20138354
38220771
20142021
19093581
19103359
31456711
23852154
31618592
24534873
10392953
20141423
33706534
e958016636
e957989121
31897259
32032320
14835520
31904972
32017149
38293573
10393134
31618982
14843309
19140642
38203194
31910129
40333954
40333761
e1021461287
21961726
40329252
17320918
14712222
31951377
31969445
31976671
40331990
31969012
40334053
31929916
e1159457111
24532809
24532866
40313475
14716629
20134772
24533575
14718351
17577835
e957849581
23849388
e1243294352
31624245
e1243334183
e1243312989
e1243348223
e1243408954
e1243421865
19101394
19437848
38145868
14711890
24531768
40330164
10375330
14713722
21959736
31452030
31930212
e1021436806
20135643
38180285
20135853
31850402
31869716
38184263
31850735
31875703
38186683
31858017
40320422
33689583
38220703
24534134
40344972
38220634
21952854
31443515
e957916232
5307717
23829712
14850762
6927968
23841421
31571287
33971710
33971639
e1021436072
38147358
17324785
31450420
20134253
31955559
39559452
31927676
31450958
31448970
e1021483917
e1210132637
24531599
24531656
38176641
40310809
38145963
e1021433391
e1021486783
e1189426823
31871293
20134202
31877512
40306769
e1021488995
e1021494201
10373603
38182446
24533562
38148574
31882864
40007654
40007051
24533057
38146870
e1021448850
e1164699735
21951617
40005235
21951479
31444877
17315630
21951574
20138902
21951552
e1241187022
e1241242211
e1242281435
e1242330427
e1243445564
1288324
e1165008101
33926603
31583604
23824936
33929525
24537894
33938733
33919488
10421744
31841714
e1169409258
e1170654891
e1167940627
e1170575728
e1175204972
e1189438779
e1209292880
38169124
e1021477723
40317412
20135829
40316471
20135886
38180364
38180698
38179645
e1159440123
31526786
31526758
31451323
31454415
31429169
31481346
e957934764
10378941
33949487
38292724
6938783
515405
14895249
31579544
38287627
e1211535332
24527750
20128864
38167273
38170017
31869207
24527767
31444105
31867823
24532487
20135295
20135330
20140475
38175014
38178307
10373658
38174455
24532734
20135089
e1233610502
e957882669
e1282944563
e957894421
e1172441123
e1234000491
e1233560965
e1233529165
e957928627
e1276609697
e1210339836
e1021493098
e1210329865
e1209273573
38169374
e1021479911
40006638
20135030
31437672
40300871
31437616
40300182
38159636
24532425
e1157709508
e1165047150
38277477
31869465
24534726
38169114
38201311
20140521
38200486
20140980
31894568
38148727
e1276608278
e1276612576
e1233915744
e1276610502
e1276604345
e1276605708
e1232853958
e1232891958
e957901235
e1233473617
e957880552
e1233449343
e958021374
20129217
40314881
20135974
40318267
31844069
38163301
10373577
38152212
40006486
24534922
31449393
38158135
10371886
14706719
e1030876300
14907571
31787767
23780499
38236558
14908179
31901722
31569548
33726926
31775564
38200701
e1159323650
e1159471347
31473469
31481787
31453543
31467500
31525978
e1031425963
e1172935834
e1032426567
31523548
e1210330588
e1209250698
e1211472556
e1210109854
e1211406578
10348147
31474913
5298526
38152875
38158350
17298928
e1158210168
20133782
31874533
20133818
20134518
24534936
20134512
24532397
20134501
20133797
20134606
e1014673257
31867797
40311933
e958007928
19411022
10348247
10348238
40013494
31438852
19411026
40011008
e1211516448
20133844
31847004
31846428
31847291
38162300
20133860
40011859
24531690
31844027
31445136
e1157689719
e1158272636
24534365
e1014429165
e1014422662
24532440
38169087
24532649
40015890
e1164650466
e1232925969
e1164587462
e1166639295
e1163999287
17508413
40332230
32030165
38205303
40334827
e1164551411
e1233965571
e1233381578
31843985
20131776
40008787
38182313
31898632
20131560
20131473
e1032318863
33728887
40334104
23766410
40361543
24544624
5319259
23774505
e1211419502
20129677
20129631
31429388
24528930
33735934
40342796
10348362
38218687
33736065
40342792
24531217
24531224
20133697
20133693
31867038
24531200
17316185
38145921
6911149
40005798
17316720
40006617
17316621
38148352
e1159404372
e1165810673
38278217
31876583
31873789
e1031416599
31507964
31912681
31507374
38202331
38168852
38155395
40006709
20141868
23745224
38151330
31472947
38153754
40003521
31478687
38153768
38153841
31435686
31477764
e1031390028
e1030895550
23762220
10416947
10417035
14884573
14883956
40009974
23759705
24541134
e1210094153
e1210367513
e1210380750
31448627
31451243
31451118
31448661
24531179
24531178
e1086883003
20129112
20131284
40638212
20131306
40316808
40318954
40318508
e990911001
31430870
31430972
31449585
31449645
31430721
38147243
38148547
31882023
31450183
40306773
20142445
20142436
20141998
31475656
40004370
24540551
24540428
38151105
31481578
40004180
40004914
e1032416772
e1032328125
24545358
38155287
31903715
31514414
40330975
24545343
24545369
20142077
20142091
24540610
38153805
e1032370069
20142632
20142600
20143011
10417104
31454508
20142613
20142658
24541180
e1164666887
e1164536926
5316741
10416309
5316798
6928159
31930436
31431278
31887062
40316467
38151774
40639834
31454105
31453924
39836775
31450677
31448445
e1158226849
e1165074004
e993681601
e991218878
24537975
e1166662564
23755854
23751183
40332087
38203233
38204012
31449036
e957998540
e1164615523
e1164015682
e1164034373
20142827
24541028
39837794
e1210297388
20130193
24529135
20130039
20130648
20130401
31437443
31864365
40014737
31869059
38141457
38170505
38171034
40302822
38171412
40302753
31429461
31428955
20133705
38177285
38273104
20141956
38177281
31872037
31440990
38145254
39558167
31452875
40004671
24540665
40004405
e1030902043
e1031392176
31454892
31454951
19812528
e992985001
38158741
e1211350787
e1211365217
38147552
31451014
20141968
20141950
24540513
24540487
20142461
20141933
40004274
20141927
38151689
20142303
e1031396569
e1032331605
e1032390626
20142619
38147824
20142724
20142688
31459410
e991754988
31455189
31813221
31455202
38147387
38147592
31450479
20129309
19410909
33735922
40638150
31844289
24528112
20129258
38275303
31845044
31844057
38151765
20142413
40005096
40005080
e1032377449
24542555
38150502
38150495
20142616
e1120211519
31430760
31429856
40004777
31431682
38148655
31431037
38149273
31431179
31431081
40005392
e1032359021
e1032365091
24541266
20143130
20143161
e1304437503
e1304426313
e1210119907
31886315
20129306
24529157
38177152
40315538
20129617
e991200556
e990926132
e990912807
e991207739
e1296805802
e990929149
e1296744705
e1296760861
e991205414
24532037
20133318
e1014684974
e1014418851
e1014414296
e1014679835
e1014682130
40312849
40314148
31451770
31846535
31865794
31873500
31874909
20142273
31451171
20142100
31436490
20142332
24540734
39559472
24540739
20142219
20129790
40316007
20130395
20129232
38180083
20123069
40639222
24528735
34345237
24528718
e990923341
e991214243
39555560
e1014675865
24541355
40008827
31844425
e993406094
e1157454655
e993641174
e993685637
e993696841
e1014406304
e1014404502
e1014398409
e1014395025
e1164689704
40006922
31475278
38154016
38151898
20142489
20142253
31451358
20142292
31451113
e1164518630
e1050131222
19812678
19812530
38156138
40007486
40007316
20130255
20130152
38280319
38280851
24529682
20129987
20130452
20133155
20133113
24530590
38145930
38168025
40297813
20133121
24530661
40298097
38168502
31449846
40297623
e1014657455
20136198
38170806
24538138
e993668124
e993690085
e993687289
e1157434202
e991224462
e1014669063
e1014668196
e1014672043
e1014666214
e1014375947
e1014382160
e1014690059
e1014389006
20143281
38145106
e1120276486
31459041
24334037
24329637
14947850
24325386
31456541
e1064160854
20143157
31454097
e992977759
39559416
31450505
31447597
31845627
31447630
e993674515
e993666294
14884151
14882894
31571310
31782484
33869702
33860167
38254897
33868358
20142035
40378883
31459832
20142662
20142392
31488079
20142277
24546467
24540460
39557263
e1000373617
20122926
20122911
40016530
e1211382343
24528167
40381426
20129962
38278060
31437417
40381108
31437476
31448920
38146306
20130293
20130287
31869039
31871300
38169954
31871176
20130322
24528551
31844236
31845539
17506489
38160711
31844545
38160698
38160159
31509940
31844198
31845426
e1030882785
e1032338247
20149538
38144833
31517195
31516164
24540902
40007078
20142637
40007671
40007646
40007681
20129249
40008178
40315228
e990933871
e1295180443
e1295142952
e1196736034
e1295154575
e1298266636
e1295112352
e1296724982
e1050140257
e1050679847
38148447
38148274
38148954
31457278
31455289
31866242
24551370
e1304449386
e1304473999
e1303820764
e1304463084
e1001078236
24523448
31844064
20122976
e989758766
e1304406616
31857102
31854867
31854172
24524091
31813175
38249707
31854984
38167124
38167527
e1283283942
e1283263133
38167422
e1084104909
31867646
24528447
e991211828
e1298253991
e1296711582
31429635
31428781
40300865
31453504
40015861
31453191
31869823
e1014664247
e1014661726
33876242
33868793
31487610
40339860
e1064088605
40001948
40001388
38148318
24542007
e1120158955
e1120176373
e1120318489
10466780
e1050663545
24551975
40308951
40310498
31851765
31845304
20150169
e1001070475
31454888
24523338
31449330
40010321
31454676
31449411
38174130
20129340
31864700
e1284024478
e1283220584
e1282803562
e1282810779
e1283247909
e1280334767
e1283236864
e1284542110
e1284550272
20130552
e1081126635
20130226
40303359
38171219
e1032344746
20143307
38154482
20143145
38154757
38150723
38150514
e1119518397
31428726
38141288
31428847
20142663
20122819
31856261
20122814
40016876
24523501
20122877
20122884
e989169232
20128466
20128591
38176579
24537989
38169090
20136239
40298633
e993645586
e993655617
e993643281
e993653694
e993670418
e991203199
e990941014
e991227952
31500420
e1120188760
e1119534683
e1104949775
19892609
40330556
40333002
17546377
40333116
17546227
24549982
24551845
20150159
31859857
38159133
38174457
20150510
20122833
e1280695310
e991216537
e1346092626
e1344889239
38167762
38168326
20133395
31882277
e1081124995
e1081118042
e1081123404
20130408
20130367
20130358
10412119
40005904
31502483
23743856
e1031411653
31433523
20143284
31434236
40336355
40336035
38201039
e1064198016
e1064181923
38163034
20150762
20150741
38162679
38162490
20150718
31849267
38163569
38145967
e1081127294
e1081126489
e1081123850
20124979
40016299
20129975
20124746
20124781
24524725
31868471
40307201
e1284016642
e1283307210
e1283320997
e1283255767
20129995
38168047
40005903
31445132
20142380
31445819
31453286
31488024
40008063
31454259
20142775
31450121
38148356
38147351
38147156
e1305183516
e989311533
e1304371730
e1305179286
e1301695292
e989208096
e1301716481
e989787073
e1303783384
e1301706724
e1296828374
e1296819423
e1295171231
e1296735167
e1014688090
e1014654781
31844194
20136283
38160639
38161338
40010970
38161090
20136272
24538153
40011341
31872394
31846155
38176074
39836472
31455380
31844853
e1303794357
e989779016
e1304387885
e1364550889
31437156
40007273
40006538
40006814
31431826
e1000543633
38167495
20122749
31456313
38160045
e989782042
20123774
38173874
24524510
38142318
31880870
38174266
24524521
e992978510
e1280289157
e1280321150
e1280358085
e1284530340
e1081126254
e1081118600
e1081116010
e1081127521
e1081116312
e1081125601
e1085047386
e1081127075
e1346409016
38171320
31871227
40303068
38170768
e1014651906
e1014652903
40015862
40015925
40015869
24538099
31429212
39557918
38170205
40310158
38143194
31429945
24531272
39557901
39557710
e983156660
e983323510
e983315048
e983268958
e983274448
e983328144
31447470
31445891
20143580
e1119492853
e1120232953
e1120246511
31429350
38144763
38161964
24550466
31850054
20150576
40012385
e1120326768
24563385
24558972
20152824
31890591
24554883
20153194
20154724
40324393
24554944
24562694
31942634
e1050102523
20150269
20125113
20123199
e1367509305
e1364645007
e1364539621
e989763967
e1364525099
e1364603929
e1367508522
e1345914672
e1343774062
e1345655929
e1345586731
e1345637822
e1345876033
e1347520363
e1345493780
e1346030619
e1347566260
31874203
31871955
24528955
38215837
31448648
39837599
40006080
e983266372
e1014662788
24543381
24542014
31484735
31447656
e1119458296
e1119449008
e1119582577
38191217
e1050085872
e1050067985
14939363
20150669
38162770
17544245
17544244
31845212
38164075
31428918
e1283295243
e1283332279
e1284009405
38167367
20128465
20128451
24527290
24528533
40015283
31454933
e1026482476
e1026494594
40010044
40011280
31466092
38153688
31455260
40008301
31470227
31457898
38153978
40007534
39559748
24541314
24541321
20124618
31815091
33824109
31816082
31815634
38256634
20125089
24524473
31815983
40371979
38255031
33769272
e989320195
e1367495309
e1364657566
20125133
31428660
24525789
31860525
e1280715399
38177213
40310215
38175211
38172926
20130606
20130571
38173832
31448863
39837495
38146753
39837543
39837282
24544254
31484360
24544893
38151130
24543849
31477031
40004392
38151798
38151683
e1064201819
e1064168646
31432902
e1001022505
31454553
24523886
40010053
38160604
39559538
e1083894967
e989188872
e989178267
24526001
e1282202019
e1282185327
e1081114678
e1081122622
20140001
40357840
39835992
e983229155
e983232628
e983220057
24541818
31455195
39559645
e1064144067
e1064130827
14937801
31851120
10463714
31854613
38164295
40012440
40015417
40014603
6953035
40015293
20122671
20122610
20122630
38167276
24524081
24524531
e989173908
e989789189
38159992
24524048
31844532
e992989932
e1280676889
e1282211211
e1282231583
e1280636816
e992987691
e1282239247
39836125
e983369951
38149858
20149509
31846152
40009333
e1064155512
e1064170909
e1064189817
e1064184945
e1064167423
40014075
e989772342
20123962
40310874
38173177
24531081
20134754
40307485
38174346
24536200
38174415
40307913
31876193
31874622
e1014386138
24538639
20136985
38169964
31870571
24538684
31895529
31872374
38169681
e1061697135
20149617
24549762
20149650
20149647
40009071
e1001062582
e1305166241
31864895
20123941
e989209909
e989164987
10321186
6888014
14625073
33884904
24530619
31871909
38160763
24543841
31705387
31872306
33689760
31872327
40010604
e990944752
14705759
17314351
32158133
32159050
32158200
19432452
38173398
32158820
e983183056
e983280110
31447673
20139391
24539699
e1119420445
38191883
20152900
38190364
38195666
20155047
40322469
e1050096144
e1050108949
24550112
34337280
38275197
e1000504773
e1000484573
e1000419892
e1000385986
34441709
27642922
1275715
38293241
31764925
31403375
34440959
e1362882666
e989185904
e1362871797
e1362857691
e1362897710
e1367475091
e1362863562
31859474
31858385
20121886
38175054
24523153
20125543
20129246
24527967
24527933
24527853
31869805
38169948
24528641
31844915
31454657
38165249
24528629
31846018
31845025
40637179
e1345944183
e990937456
31866530
31880285
31850292
33683860
20137758
38213718
33690374
20137563
31457829
40339904
20137823
38213647
20138100
32159018
31449075
32158066
e983210694
e1026637242
40005806
38153594
38148025
38163850
e1120117453
40327625
e1050049770
e1050059840
24550809
20151428
20151441
31847326
24522985
38167139
e986576312
31904230
40015213
31844111
e1282179782
e1282163846
24536440
40362913
e1026443509
e993657961
e993660762
e993663461
24541577
10411260
38149560
40001019
24541877
38149471
e983211607
23751163
24541589
40012438
23750980
38158314
24541576
38153957
e1026457844
20149353
e1064111784
e1064115251
24550226
38288933
e989160640
e989196142
31849110
31876983
31448104
31896161
31854507
31876497
31850248
38178571
20130580
24531505
20131318
20130629
24529426
32181393
38146914
31444923
38145501
38146030
24545747
38145375
31484332
31445142
38146957
38145909
31447105
e1050026036
e1050028450
24312161
e1000521243
38170359
40306764
24524095
10321013
20123301
20122701
20123284
20123244
20122708
20123040
e989175849
e986599497
31863135
24525572
38237464
31578289
38240178
31571939
20127993
31576305
31576824
31578154
38178000
40311205
31443794
e993662340
20141440
20141459
e983227069
31447344
31447702
24541422
24541791
31447813
e990082907
e990077859
24524237
40307953
31859541
24527837
31860025
20122199
40307784
40308543
38175383
20122136
40308571
31860001
38142287
38141682
24525555
40005331
21847704
40004042
31399434
31407105
38145619
e1026430449
38157474
31813591
31470152
e1064207420
e983193214
14939797
24312013
31844213
31844020
40008424
31813282
e989221301
21853139
40389108
33882565
27631446
20123690
38167204
31861242
e900906540
20124611
31861637
38167048
20124638
38166991
24524642
20124682
31861561
e991751981
31884497
24529388
38275370
40004999
38141287
31428517
40307715
38140775
e983336692
e983277552
20138139
31872399
20138236
24538319
31434174
38160216
e1026450115
10411254
40013192
23751321
10418224
40010721
14887764
31495828
31485127
5317494
40013185
10418149
31850743
20149389
38164307
24550164
40013020
20149366
38164446
40013017
38164748
38163619
e1064099577
e1051971060
40375433
24323997
31753384
38144493
38157484
14944540
10464742
14947632
31718219
14949132
e1000997890
38176583
24527074
31849366
31845435
20124090
20124265
31864656
24524600
31845482
e989314133
e989200847
e1362906729
38145408
39554437
21950155
e832528521
19434853
14709960
10375731
31434279
21953534
24540618
31886325
38147489
10375735
24533739
32158787
20137976
20139643
38186588
38183526
40322485
40321648
40321816
e1119412318
38157782
38157191
40007877
20151066
38156701
24549616
38157742
e1051918166
38251300
14948920
17547075
40375134
24323518
40378666
40374782
e1000351250
e1000367016
e1362892094
e1367488161
20123948
33878671
31447889
24540387
24540379
31874668
32146533
32148882
31882384
40009734
20154215
40325572
e1050021271
e1050715556
40377626
33808036
e1013642270
e1013643037
e1013134783
31853905
20121965
31859014
20122669
20123026
40012010
31904139
31904345
38178744
38178478
31906240
24524078
20124457
e1280660340
31877788
31884700
31568109
e900943488
e1081126810
e1081119403
e1081126097
e1081119932
e1081121019
e1081119642
21934887
3959111
31443017
40348546
19412614
14887877
40008610
38155852
38157819
31813818
40013816
31438213
24550538
24313317
14939440
14939483
e989183384
20124011
24525539
38170583
e992976340
31844151
20127977
31843987
31844258
38159438
20128119
38145567
e832622298
31450440
31450111
20139548
31450178
31451261
32132194
38145915
38158958
39558058
38160616
31846301
40010206
40009942
38160831
e990069645
e1050010480
38167977
24312088
31844862
e991760630
e992964564
24523158
38175393
38175102
38173992
24531821
24531678
31863316
20125716
31867117
40316925
31864556
24532789
20125241
40317797
31464648
e992972207
31470523
34345815
31457866
31457447
31457746
38280766
38278849
31453911
31451089
31452848
e900918360
e1374400654
e1374405567
e1375637119
32133050
32131286
32132998
40007371
38161473
31848996
20151076
e983189470
e983203586
e983199672
19882936
10464011
24312287
10464015
e1001028080
40006047
40008320
39837625
31448548
31449425
e986582328
24524398
e992993873
31478837
31572961
33743917
20128175
31565260
38238732
40361973
31450024
38146783
31450141
20131283
10349700
e983331372
31446918
40009285
e990070723
e990065592
24317519
31844247
10463174
24312052
31844261
e1013198619
38167111
24522768
20122024
40014943
24522740
40015060
38167195
24524830
38167107
24527986
31465464
31847078
38165753
38165795
38165140
20129183
40317822
31892263
20131636
20131795
31869080
40305766
20131614
40315519
31897748
20131671
40314859
24541549
24541547
e983298994
23751538
e1026469023
20148983
e1064104577
e990071404
31848130
31847819
40011589
20151199
20151674
31850269
20151119
e989205813
27625907
38140635
6887635
27626033
38147442
31406668
21846426
31428855
31400905
24531038
20132729
24530244
32147867
32171058
32155771
24531117
e880700212
e983201955
e983203801
e983198611
20137850
31882054
31933856
24539051
40310667
20138148
e1051959443
20150214
14944893
31436480
14944880
39556976
39556920
31556183
e1286818824
e1286825222
e1001033913
e1286125623
e1285750107
e1286788967
e1288090761
e1001056758
e1286046953
e1286806247
e1288082528
14625791
14625979
19379882
32170806
32168528
32181745
32174189
32167269
32165500
32175261
32165660
32168013
32179565
32180662
32175140
e832510264
31922496
14713876
6913037
31957738
24440612
31994738
32006779
24532374
24532732
24533365
6910112
14704877
24530417
21949817
34346998
14704984
32155951
32145291
17313911
e983372781
38172221
31870833
20136935
24538313
38156846
38156774
38150128
40004517
17548461
e1286081351
e1286068080
e1001013710
20123897
40305992
40305999
31530237
31814321
31529277
24523801
31881235
10304157
24524002
e1012802564
39837631
38151638
31904362
31905576
31904281
e992968082
31504975
38240843
31482086
40368401
40361656
31909875
24530362
20132908
20133029
24530371
24531426
20132985
20132875
20132987
38210984
31436055
32149844
e832544307
e832348385
19110078
38215474
19112202
31994644
38213245
32157571
20141595
20141499
32134617
24532902
32129493
24540287
24539842
24540471
32148181
32148909
24541797
40007634
20136822
20137732
20136808
24538365
31435169
38156895
38171745
32129026
24541807
24541805
24541802
24541801
24541799
20143727
24549522
e990085336
e990081711
e990062088
38197469
14940153
19884776
40332527
38193497
38199838
38184558
38160585
e1051296464
40374883
38249041
33818384
24331447
20151574
40637895
24331147
24529060
24529075
38162965
20121795
24527223
31453570
31460472
e1375198368
e1374094262
e1374379759
e1375846489
e1375215105
e1375226917
e1371409359
e900657182
e1374013644
e900722246
e1375615947
e1026435064
38160502
38159926
38160152
31872444
31872507
31478286
20124911
31455398
24519540
31477361
40008390
40007732
40368097
38253046
31818176
33873586
24519873
31534386
38167050
33876090
38252346
31535007
e1013151112
e1013653705
31864036
38167031
24523443
24524287
31456379
31464147
31844496
31844224
31846142
e1375871254
e1371382632
31481991
24525072
e990918730
32147388
24530873
38161861
20128140
20127973
20128336
32140812
20128379
20128349
21951785
17310017
40331767
38204638
20139731
38202507
38205918
40335847
3959406
32129465
32126651
32128947
32133182
e983186146
24541829
38145741
31844233
23752079
31518628
31520647
14887826
10418378
38155605
20152202
40009653
23752047
38156762
20152208
34335743
20148899
20148923
20148916
e1146354456
e1145035877
e1147849134
24550926
31813837
31813896
24312137
40310941
e1050743491
31456908
31506605
20124660
20124841
38172256
24524545
31433171
20124541
24524624
40015179
20124544
38215447
33708627
38167010
31431957
24524537
31431984
e991747933
31459792
31498318
31487818
31472505
40364119
40367086
31874996
20137865
24529886
38191109
20131960
38191038
24541458
e983275808
e983238854
38266903
33879680
33843235
38275137
33825365
31583416
20149448
40312227
31887664
20149550
20149003
20149190
24551222
20153785
24319244
31849894
24551055
31849260
31858844
31459858
40007898
38153105
24519499
31455873
40005749
31860064
38150201
31455888
31463265
24520413
32130921
32130576
32135461
20128081
24530882
24527332
24527307
e832570653
e832597233
31465340
21942766
21933743
10349849
38150488
21937189
21937374
14658553
33743751
22057901
34340107
24539663
32139773
32132865
24539653
38148701
24541863
24541872
24549702
e1058768882
e1058756519
e1050726963
31429227
24519688
31433617
24520307
38145479
31433974
31429787
20132744
20132816
20132828
e880668569
e880760686
e880757176
e880566835
e880555164
e880578306
17578998
10386787
e1051932431
e1051941095
e1119384410
e1119394160
20159869
40004548
31456503
31455185
31457974
31455503
e1001004009
e1287172524
e1287208757
e986595954
e985165514
31963603
19370018
31536936
6882620
21848885
1284903
5287807
14616379
31933311
38210929
e1013661773
31452367
31449719
31450845
31453981
31451145
e900792147
e900780595
e900735385
17268931
31410988
27630501
31844102
31844326
31844869
e901047442
e832501294
e832291772
e880606047
31488279
24449642
e2198311402
e2198206702
e2199470433
21950018
21950051
6910184
14705092
32158818
21949893
10370511
e880789568
31875178
38175638
31871031
24539028
31878321
32141211
32145115
10460981
10461023
32141612
24309855
32143188
20151814
31445973
20151845
24550673
24552061
24550796
24551719
20152384
20152328
38212786
20152425
24552183
38144645
e1144302323
e1145710832
e1140620349
e1145744280
e1145258863
e1145679749
e1143768260
e1146504595
e1151914132
e1145124838
e1119595695
e1120348763
31854227
31854212
20159804
31878276
24568123
38175444
20160228
40303149
24568317
24568152
31575551
24568339
20119722
31870823
40016732
31854496
24519727
20119805
31447084
20124824
31854306
20119756
31449784
31451147
38151742
38148808
40005222
e872662083
31468347
6901899
33728889
32128499
31454585
38148359
40331932
e1052771793
e1051994242
e1052778140
20506347
24646176
38206773
40336489
31935487
40335931
40332996
38204802
38196879
e971378777
e990059099
38194396
40327173
e985150895
32075861
32149453
40330783
38210847
40330357
e832389402
1674196
e832371000
38263331
38278126
32151952
38266448
21950073
21949566
24539046
38171669
e1118952685
e1119554974
e1120254479
e1120336118
31875937
31851535
20159926
24568229
20159267
20159905
e1051266891
e1051260180
e1051250339
31446464
31484486
31446818
39560095
31885913
38146060
20160299
20160302
e1012797263
20123082
24524556
31867736
31867790
20122793
38172942
38171857
40309283
40309873
20126859
40318364
38188811
20126463
20126721
20126279
20126093
31430157
38189503
40320299
20126549
e991762464
40013130
31846056
31847005
38161128
24537731
38198080
20130296
20129554
40307625
24525063
40332249
38203145
20135952
40327477
24540803
32139252
20141456
e983629485
e983609254
e983306812
33878730
40640912
31532276
31735229
33846457
40641580
40641276
38270389
38213626
20149435
24549753
40334414
20149044
31438227
38211031
40333321
20149146
24552457
24551685
24552339
e1287245449
e1287253328
e1288078760
20119208
40007384
24519420
40009388
e986515986
e986505038
e985176986
31455150
20119420
31817242
31455021
21832421
31816120
38253553
20127943
e832215867
38266986
40346172
40352478
19117484
32127199
24539559
32138956
32128876
32129146
32127981
32158649
31846005
31844737
31845789
31844776
31844172
31844003
40011534
40011420
31844207
24541857
e1052783646
e1120284844
38146275
31875878
20159256
38172381
38146417
38146064
e1059036948
31451842
31509719
38160851
31460685
31611432
38284580
33978541
33978902
38282978
38281560
19358711
17260116
21846480
31963080
38210811
e985188029
31449708
38149543
38151410
38152215
38149473
31450373
38161456
31844979
24527077
20128207
24527277
20127997
20128196
38161695
24527334
32186699
32183014
e872676590
e872703430
e872682583
20138106
31480460
31474001
31972318
31468788
24541205
32137872
e983269951
38272825
31875130
20143758
40331642
24519602
24519608
24519295
e986498575
e986495066
20127939
32137806
20128122
20128313
e832422164
e832264821
33752813
33745888
33737299
33739739
31455612
21951694
e2185987495
32136341
32126754
38149475
31464317
31844799
20144310
40010864
31844692
40011421
24541843
e1055938591
31442603
31910693
24567705
e1058972393
1286529
20521106
5343945
20516059
31941923
1286447
20531907
e984543382
e984466988
e984506054
31450109
20122018
e1341368060
e1341927246
e1355238890
e1342492525
e900710305
e1341862845
e900697871
e1346037717
e1026408513
e1026614893
e1026652248
e1026421973
e1026623991
e1026503587
20148618
20148773
38161615
e971502808
e984536943
e1014195649
e984552197
24522911
40012195
31412044
14625638
31413483
19383033
24522663
32127127
38167032
31410563
33828686
31400863
33825607
31413810
27640165
33890743
31408757
10330688
40357924
32144586
32141227
19185978
e1055954311
e1052046643
20148996
38151366
31437175
40335010
e1147167065
e996268636
24520262
24519742
38144525
38144402
24520204
33875724
20120749
20119602
20120700
20120703
38252918
38251586
38208227
40007246
31451587
40004141
31451872
32181569
32182821
32184958
32125577
32180235
32128722
32126087
32187390
32181960
32187535
32187600
e872830942
e872649855
31466898
40358239
31466764
31483273
31469078
31463129
24530191
32153880
20132618
e880594212
e881228676
10383232
40336126
38205928
19095534
32164519
32135125
19576678
32163049
32162230
14877727
32140235
32164807
32162744
14876669
39836610
31460055
38149074
20143720
24541831
24541897
e1052032572
e1058776493
e1061688961
31455674
31455096
31456199
40004464
40004190
e996271305
e996008048
e996265302
31436323
31436890
38152561
e986614215
e986610893
e1014212416
e1014218759
10303578
17258329
38279252
e1375040847
e1375044465
e1013143738
38281678
31436789
31431275
14603717
33896491
40374900
38217292
31430294
21837860
20121913
32149019
31448688
31450734
31450757
24522943
32150350
31449486
40013105
32150670
e872800634
21857742
6893035
10332764
31426191
21864974
33847811
33845451
20132619
24530161
32149355
24530186
17392483
22549189
e2197971786
21948997
21948981
21948987
21948867
31837902
19092294
20137786
5309693
31987680
23818501
39538571
32164548
e983620625
e983185256
e1055946977
38213280
38178040
20149577
38182012
31901491
40316851
38187228
20161538
24571979
31460392
38176232
e1120143103
e999275589
e1120138161
e1120151464
e1120125287
31851615
e998979394
e1051337192
24574350
20160255
20160132
20159845
38177548
20160022
38177374
e1287223600
38159982
21828304
38151795
31430471
e986567905
e985182606
e986619461
e986556651
e986546426
e986575024
e986550661
32163847
21952428
32163945
32163821
32163264
10371199
32208196
32149153
14879238
17503685
20137744
31844109
31845487
20137724
38160287
20137760
20137857
20137191
e1118928927
e1118937486
e1118901197
e1051328496
10511209
e996262953
e1012728868
e1012720731
21828381
21828269
31484045
21828197
19322472
10298328
38159239
17228600
e986534537
e986528814
e986521273
e986542285
20127909
32130321
24530780
24530139
32149347
23742863
19805866
32134188
32150257
32135853
32191569
32144254
32143001
10411201
23742168
e983207483
20144281
20144640
24541937
40011464
e1055978834
e1229403307
e1229777277
e1052026161
e999012599
e1058965026
e1058732660
e1051319804
20161095
24570330
20161253
20160632
20160975
19363637
33963708
32184690
32180105
e872617324
10331316
32139852
32177682
32177468
32132290
32131845
10410181
32168637
32130603
32176152
40381645
31457812
e1052003964
e1052018123
e1055989830
e1055974406
e971569888
e971755252
e1058957622
24570016
15001283
24522601
27628282
40352618
27627870
31401198
21849868
6892040
40352334
40349761
20121779
24522638
31451789
24522820
38162270
20121822
20121814
e1344495310
e1340290175
e1344017560
e1347287383
38161762
e983266031
e983632191
e983261718
24551203
40366944
20151812
24551631
38251544
20151898
40367040
24550808
e1052058840
31470216
24550109
38181754
10464721
19883729
17544636
17544719
38183508
31433678
40335330
31433981
38214519
31506247
38214418
e986487668
38148108
24520009
38284407
14609456
19374228
14617967
14610425
e900997494
e900801672
33934470
33931717
31546436
40384634
40385677
21838364
40385645
40386397
14605975
32131407
20121721
32128905
38167080
e872729636
38258726
17285466
38261333
40378311
17288511
27642343
40383025
40380856
20128203
e832444787
10357212
31476752
40372185
38250636
33813498
22503316
32167073
22503529
32160050
20144948
20144913
20144956
31455401
24542271
e991629737
32180192
32180518
32167523
32164503
32178797
32180746
32165687
32166341
32171802
32166683
e1055984936
e1052061912
31459767
31457601
38155274
38153977
40009581
40011447
31881496
24581896
20175915
31456215
24581562
31458760
24571476
31463594
24552133
e1055942014
e1056015337
40303794
24567850
38147084
31440353
e1058694733
e1059023547
10519767
e1014205693
e1014200676
10307223
38259109
17239963
38260490
38258171
21835477
40375083
10307172
40375784
40379174
32151440
32149621
32180368
e872768459
38261466
31424579
38258454
40383119
40381107
38257192
32174684
32131377
e983261477
e983251798
10483166
21973136
14961984
31591767
19216021
19198269
20151676
14958088
e1056008921
e1052039821
31873995
20158888
31874232
38177150
e971581412
e971753826
24578638
24572690
20174909
20170261
e1012678819
e1012738869
e1012700609
24520598
40367053
24520340
e985139707
38252833
33876210
38252483
40372623
40369978
24520119
40012199
24519508
32195012
32173445
32129840
32172042
32180217
32128756
32126242
32129033
e872638619
e872733722
e872574229
22503449
22503652
32181237
23741474
32182277
23741558
20144898
20145140
20144938
20145256
40006716
38150109
40007538
40007177
e1056018377
40313122
20159490
24567903
31455045
40314889
38148252
e1058999055
e1058634293
10524551
19352639
31587660
31571997
21838169
14594850
40643755
40643689
40641036
40642362
40641957
38272388
e2197568291
21949598
21949514
21949635
32196835
21949485
21949491
21948914
32185925
32205504
32188378
e880635057
22061350
31939954
40336163
31843611
e999138227
e999045276
e999266144
14994049
20503356
20504333
38195350
38213001
40325479
31876777
10312290
33972813
38285888
e996222837
38275687
e996225864
38289453
3955254
e996280751
17231979
33886054
33888099
31820711
24531818
20132688
24530572
24530281
24530776
24531467
32152367
32147072
32151365
31564129
38201843
14840227
38204159
19511872
31487863
33859124
40337724
31489526
38203425
31608819
31575418
32242388
32237050
32242448
e881211574
22046351
22046007
40375679
31539918
38187029
31539486
24577287
e999068030
20160052
24580964
24574315
20159816
31965924
38194836
24573917
e996221572
19343857
38212955
e984526878
24523170
20122055
20122039
24522721
20121884
e901008971
e900674899
e900986456
21854414
10324700
31759379
40355930
40357553
38265887
31426995
21952407
32222403
32210955
6910358
32181985
10370917
10371017
32218303
21951355
e2186517732
21954375
21954421
32238902
21954410
21948937
19805410
17313497
17313492
19805785
24539825
e881192300
19814845
31499139
6912259
40376628
40011670
40365691
31443276
31885121
20149195
40309925
20149169
e983181671
24550583
38161662
38162561
e1229272651
e999005001
e999019540
e1229651912
e1229204791
e1229005712
e1228653998
e1058620087
e1058615842
e999313417
24637147
10511223
40306404
15027061
38144267
20119075
39560160
21850075
38166997
e901038169
27639413
27630117
21857730
33703520
14636813
31404129
33899306
38171296
40305123
40305045
40305274
38172908
38172771
40007975
38172159
31874559
31846947
38162944
38163331
20153650
40013358
31850688
38162637
38162734
40013822
e1052068583
e971620285
24646292
10526247
38169696
10526258
24645958
31860054
24646091
38167246
38168630
24646088
20521736
e996250858
21830784
21830792
31513310
17229015
21830931
31457552
21831362
17229537
31460383
6881465
31540050
6881255
5286890
14596975
31972582
40339622
6877641
21850594
24520360
40340888
20119039
20119817
31817162
40370405
24520643
31816913
24520658
40371210
21835638
6900662
21931432
6900608
32197359
32182722
14656207
6900519
32160087
19408642
e872579891
e872627420
e872505720
e872514591
e872756397
31414069
21951326
32201342
21951318
19434107
21951185
10371137
22504150
23744369
e951080074
e983179859
e949490526
e983175762
23754430
40357646
32182094
32182984
23741138
24541918
31466114
38147300
38152087
24541909
e1055968994
e1240500705
31457670
e1058665157
e1058676642
31817136
1286636
24684617
24647356
e1228619721
e1228919629
e1228869142
e1120267118
e1120508276
24744687
e1123425528
e1059032905
e1125006235
e1120556251
e1120246836
e1120434697
e1120549686
e1120509455
e1124340309
e984515190
17249411
10300475
20118741
31601055
21845904
20121806
e949599758
38172166
40638134
20151497
40638084
38276869
38164257
38172208
e1056012446
e1055958413
24569782
31471170
20159782
24568513
24569593
31892745
20159393
e971751955
e971373675
31861722
24575884
32016086
32060672
31450295
31876197
31867148
31957556
e996233431
e996238607
e996282066
e996208705
e996210325
e996210547
17229354
e986588111
21835603
33902819
21837571
31558602
6881792
14602827
38273257
38272050
40642334
3954658
e2181630163
e2185829032
22504184
22503956
22503985
32164851
32160953
32164662
e949506538
31470759
20145828
24543961
24546011
31471188
31470131
e1229440720
e1052051580
e1229000656
14992050
20501348
e1125368578
38209743
e1058628739
e1125949690
17262356
21849223
19353734
31843726
31574870
31579509
14617722
21851237
e985270855
e985198069
e985194977
32195583
32171291
38251299
21943656
33815012
33811723
40382145
40378873
33815292
24307662
24307670
32176873
32179205
32178492
10410197
32180243
32126827
32181561
38140819
38160800
38160852
31846674
e1240525709
e1055952216
e1240516498
31844122
24567099
e971608034
e971557088
e971506390
40343553
31892028
e996236969
10297476
31550071
21828365
e986477968
17243370
14606806
38270018
17226902
39560255
20122095
31432870
21831345
e900956768
40354747
19392396
31761522
e984502817
31843969
e901057078
e900766732
32172009
e1224872475
e872461235
e872481498
e1224880489
e1224858337
40372972
17300506
31445490
33803813
31922038
3959275
14879007
32170024
32171569
e983245781
24542069
20144176
38148052
24550354
20148016
24550729
31846048
31813934
38159204
31814693
38159315
24549698
24549461
e950292551
10465517
31847209
20152371
20152445
24550469
e1052007177
24549725
31456521
31458003
31465157
20159708
20148608
24550923
20151677
e1056076805
10506073
40349312
24663267
38220364
31486455
31483320
24577571
31533286
33908512
24651558
24663505
24661810
31544056
21593799
33962511
31455184
10294979
20119000
31457375
24519476
14593372
20119098
39560157
38269764
40385671
31814547
40384813
20121571
24522520
20121575
24522503
20121567
31741277
40381566
33810526
14638221
1051736
21953515
985140
32237081
32249628
32173864
32246404
17315898
31951450
38203923
31978292
10383404
40338449
40338027
22058419
32021169
40338461
31941438
20147969
20148000
31445568
31874716
31445934
31445401
e949560345
e949583597
20153080
40343705
24552790
31444354
38220614
40344044
40343400
31715330
40344509
33695037
38150313
24688927
33735704
20171619
32058008
33718049
32050945
24576544
31478699
38224841
e999338775
e999364004
e999356381
e999084067
e999343938
e999103830
e999376317
e999301212
e999292133
e999093348
e996214250
e996212281
31552823
40389621
38269441
6879057
33907480
21951704
24531432
32197745
32154197
24531845
32177928
32171185
32190395
10370947
32185421
19431437
e880625080
38162193
40017104
31466755
40017137
31489677
40373491
e999033419
38184286
38181447
24661652
24723764
e998993502
e998984589
e999317429
e999329273
19343382
33682208
40386874
14594165
33883451
31434771
40389670
24519753
33883840
38216168
e2187877768
21950532
32232306
32169932
32204840
21950769
14704800
32173701
32223991
32221063
32223743
32129140
32185106
32244416
17313137
14878869
24539789
e946164257
38238699
10383446
e1228965200
e1228928741
e999026266
24634615
e998963786
e998966973
e999121946
38260850
14591180
31550046
31551568
31872124
24532704
38183004
38264244
17227461
24534330
e985282811
e986453743
e985274488
40644783
40644064
40641467
40644723
32190092
23742967
32207631
19803873
32184389
31879075
40001165
24542076
24542817
38149402
31883290
e1056050433
e1056059710
e1240532833
38223385
31778754
31466311
e1058586193
e1059004355
6974993
24661603
38276264
40644105
31578454
e984549101
20118632
31888202
20118628
38176807
31884535
31885006
38176344
40310182
21835359
40376824
21845520
21845824
21845712
14621136
31404797
6887338
31404373
32145765
14621113
27626336
14620800
e2199838415
e990590095
17539808
17539806
20152380
24550882
e1277761002
38160657
24567492
31845282
e971576790
e996246256
e996248065
6868648
10285002
19312382
10282583
40392454
38204837
40337721
40339979
40392608
40011014
40339676
21832571
33684649
21832589
38158821
40011663
31440212
38212846
5288215
40012309
32160194
21951971
10370028
32212653
10345276
23724990
17499366
32178300
32212001
32246178
23727540
32244888
32218441
17499656
32169258
32226421
5318171
38242619
31497319
40365969
33784853
23761811
23762215
e1058981070
e996240362
31560527
40391098
5284362
40393098
31538148
31544827
31561112
40642041
33912405
38272257
21837321
24527001
14655106
32169075
21930651
20127856
32162438
24526932
32131646
32165031
32134563
32215611
32189216
19793633
32277370
23745203
32184837
32166967
10413357
32346522
e949547743
31472088
23759420
33693369
38156830
40344608
23759390
e1056094558
39535541
39537410
24572243
31609597
39535091
24642661
31533691
e984492635
21845089
21845107
31844022
21845097
38158740
14620693
17265480
6891235
24550537
31813986
40009546
31846692
24550307
e949739703
e949597694
e949588092
24665011
31527052
3992996
38165848
5346572
40016714
e984519932
e984482357
6876856
21827054
40384110
31592276
40388822
33900232
31820945
33908341
39560058
33912710
32172972
32172623
21845123
17280421
38141414
14637719
31405285
21859328
33737508
27640655
31702508
31422629
21855684
33732461
e990556161
e990549822
e990597251
20148399
31848129
24550657
24550496
38163162
31445019
31444024
e950281532
5329646
24314375
20155998
e991245866
40302095
24566750
20158540
38170641
31458442
24566774
e971615559
24570501
31813233
24569734
20160733
14595793
38208694
19348365
32065308
38207796
32092752
19344995
32075413
17229020
32097448
17227563
19343483
14604210
21834998
3954627
19356421
10305524
21834332
40376452
19424179
38260413
31507855
e2185801200
32181402
24318162
24313091
32157107
14937208
24314824
1271356
34345704
24551321
34345474
38275777
31851683
20152177
40001296
34344787
33914204
e1240578876
10516970
31468398
20158841
e1058571451
e1059016967
10527136
e1058649097
20557390
e1058554652
38223398
e970866035
e1058642651
14590753
38263659
21828561
31739695
e984489744
31455221
39560004
27625100
20127795
20127754
32130927
24526833
32134101
32129799
32131942
40376581
40369882
31957447
14680965
10356205
21773233
32352476
21782380
21773157
32307217
21773013
21779127
32366887
32336826
32366412
32323961
24546037
20145985
31492769
e990942865
31445116
39558779
39558911
31443807
39559546
39558873
e949503712
24314738
17546223
14942665
31456973
40318674
31456597
40002866
20159383
40300283
e971386472
e1369623369
e971389073
e1369593928
e1369540014
e971368913
e971344527
e971491719
e1046346590
e1369439522
38612956
e1056087969
e1056063314
e1056065167
e1056085765
e1056047692
24687947
40332794
20510796
39531634
e1058607793
e1058597725
24640928
31578362
20513135
31895174
40642810
32162842
32162911
14703444
32174075
10369019
32168731
32173146
24530999
24531049
21948272
32171529
20512700
10508244
38280742
38276698
19433289
21951731
32221891
32199391
32243093
21951562
21951453
32208244
32235225
32213942
32224352
32167392
21948576
24640426
6973018
38185183
40316470
40316137
14992476
40317715
40317574
e999114724
38285187
31533312
21814976
31528013
14585888
40340964
31523983
21826271
33900564
31551721
14586913
40383453
40382018
40385389
31824424
21828193
40385309
14600927
10305595
31814976
19350497
40378918
20121581
20121599
32142988
32237367
23725617
17499259
32216286
23726441
32251919
32246611
23727170
23726373
23760481
e2198022840
e2183647162
20148065
20153211
24552218
20153222
20153275
20153235
24552239
40008325
38162217
38159961
38162316
e1008054301
e1008065782
e1040736608
e1045708496
e1008187438
e1038997340
e1008177879
e878722280
e1008074530
e1008082154
e878746459
24655250
40339388
38217434
20498215
38214069
31535018
33698891
31903879
31537002
6972978
31522723
40342356
40330237
14998949
40331708
31923139
20513743
31813239
31454364
24534320
10297366
40318111
10297451
21840171
38268838
21842280
14605501
31589480
20127712
20127734
32146880
32146146
20127702
21943874
40375506
31505313
33794465
31450670
40373514
1273172
23729667
24317341
24318222
32153250
23727863
32286511
10413253
32217030
14888716
40310296
17511932
31886137
24547474
e1056044391
e1056057643
e1056070575
e1056079341
e1056082484
e1056081441
40364669
38220604
e1418119347
e1419840591
e984485722
e1418000441
e984557980
21833756
34381752
32185249
34373046
34372475
34380921
34382579
e1421575315
e1422423711
e1418024611
e1421655003
33747907
40352958
21859178
21863080
38141441
38227293
e2188045413
21930347
20128067
21951273
32167749
21951285
32194224
38218272
40362314
23761754
31488967
23762976
e950323917
e949613255
e1221092676
e1221231006
e1221143194
e1221103617
e1221172975
e991358972
17680878
20493901
40009817
24566814
31815045
24549829
24566770
e949704367
e949507838
e971599213
e950176799
e949680090
e950314586
e948839930
24654445
40338943
31618266
10506316
31575220
10506326
31893616
15002186
3991352
40336822
10512372
10510404
31914705
38222256
24729502
38204803
40330916
40351842
e990604606
e991641078
31891106
31906122
40326035
24555065
38194158
e1045794034
e1046399828
e1046451044
e880650998
10282302
31520908
19312553
32158732
21930353
20128251
10345298
10346562
24528554
32169097
32362556
32349076
32328923
e950275565
33760193
40360685
19829837
38240805
40364151
33831070
14991137
24642051
24668402
38221722
24648172
38218204
31891901
38222109
31873974
24641040
32148321
e996260415
21820925
38278785
38278742
38279443
19329146
38273551
21820877
38277218
33940468
38277535
38279300
14606428
10305522
40643695
14604236
14604248
10317953
32176147
32171490
32148970
32166751
24314102
32189854
31827330
33887905
38271896
38273883
33909881
10468775
40390200
38267688
20058482
40388187
33918530
38274152
e1056075254
e1056048226
e1056095352
10511541
10515675
e878711545
e1036998110
e1058544221
21828057
40383935
40382333
40382217
32143254
e990558063
31543181
20147928
24549908
20147952
24550094
31535980
40009877
10465950
10465947
10466052
38158760
14942973
24609688
39556788
38143674
e1041795852
e1041293229
e1041855954
e1369443079
e1046251706
e1369480036
e1045525363
e1370422545
e879253766
e971757088
e1370379087
e1369611701
3951385
38271060
40391560
38269422
31586839
31535395
33898980
40390665
17299908
6900372
21935675
32175798
10346616
14656896
10346567
19409705
32261524
e951038490
40363111
31768650
31551942
33758180
e1056054608
15039547
31894464
31881016
24648485
24642280
20503918
38188827
24642895
10508553
40320195
e1422319554
e1421632058
e1418051633
e1417972615
38146712
38164758
20148039
40013997
38162719
31844596
20148076
31844590
e1069393512
e1069390030
e949779506
e949473264
e949001144
e1069399224
e1010832832
e1221130465
33925418
33940974
21846387
21846398
32201135
10317865
21846200
19379056
32176036
21846391
14620815
17265749
32148047
24550919
38152424
31473635
31450760
24553194
31825468
33899836
31829330
31479527
40005338
38267444
31871058
10503631
24617566
24576124
31990045
38155197
20159637
31864103
38194249
26663753
35939653
14586436
e1422367691
21823290
21823256
24522615
20121589
32162412
21948815
32216395
32166467
32162340
10370669
14706106
24530447
e991279665
e949461728
e947671926
31518042
24551039
20526908
20526770
31475506
38146940
e971596242
e971605291
41521531
17194243
21811580
31516371
31814156
10280511
38251080
14569109
31524778
31815231
31813367
e2192057689
21849063
32229269
21951935
10317993
19381775
32215222
32362206
32329323
1269575
14621046
32194642
e950328849
31447361
31461725
38154216
31447254
31455105
31866982
31548871
19831608
31479129
32182279
32198508
21948133
32202816
21949613
20141070
24531099
14877939
10369500
6909913
32180251
32180149
24531059
20133658
32143015
32145459
24522535
38199370
31878338
40328736
e950305733
24551045
24551659
24551372
24551184
24551642
e991266661
31449928
31449653
31449943
31449899
24608558
24606935
38147644
e879745587
e1369511042
e1370401745
e1381122847
e1381133431
e1381132483
e1381137991
e1381126895
e1381136513
24527978
32244386
32175682
32239998
32172608
19829500
24545184
23762923
40329741
19829756
33832903
31486543
24545340
10422628
24543199
24543393
33829136
31824121
40385127
33894315
31825906
21818717
e996279668
e996255520
e996011046
e996257018
e996258310
31933420
21831812
14579848
1274875
32194571
32197355
e1381191366
e1381141877
e1381143065
e2190686313
19409824
38282821
31542809
31765956
31752202
33941879
33941500
31535674
14894381
38274306
31552990
38239498
981054
23727668
23726943
32239570
34374532
32157106
17539708
19879982
10459425
e1056090912
38209119
40340231
15000548
20167327
10513741
40385138
38263066
38264335
19378812
32143706
32190088
e984997832
20164631
40352503
24579718
20163516
32165058
32144928
24577839
33723721
e947641718
20152744
24313857
24314369
38155024
20496154
38155993
38156232
38155742
31501765
24615587
38157168
e1422550319
e1420003820
e1421684044
e1422466836
e1421775246
31457501
38273513
31876940
38172930
38172179
31458197
38151219
24565934
20158376
34328006
38273113
40305878
e879140404
e947679291
e948922890
e950242422
e948230648
e947676070
31467117
38160001
38160420
31486175
38163102
31463962
40018688
31499832
40018753
40018902
38164699
e1069814369
e878756180
e1069718003
e1069624038
e1069643030
e996228879
14574360
34016100
31526602
34024859
34021156
38260444
e1381183015
e1381167306
984902
18972582
e1381162361
e1381163802
41871013
e1381172387
32215588
40668645
32305268
e1000966348
14677848
31910547
38196008
21938941
10356554
31906806
31973710
31941201
40329137
21942946
19417492
21775058
21773839
32214955
21781010
10412883
21791572
e1122765648
e1130911182
e1122911191
e1124912442
e951004105
e1135540286
e1131640852
e1135713600
e1132048624
24607522
24549545
31890174
40328200
38195732
38197350
e948177691
e1395718900
e950300364
e949753397
20161290
40013707
31523578
38159182
e991268927
e991656560
14986689
38151727
e880267163
41522707
26286671
24574272
26286784
41523307
17265364
21846022
17265327
6887121
32175081
10317786
10317932
19378259
e2198174293
17537662
19880097
10459486
24309635
24309582
20148363
32168683
32155952
32146408
e931108805
e931093253
e931289229
e931206461
e931100274
e930462460
17548722
31818165
24581165
20160289
38196133
e1000565945
e1001145476
29717674
e879488821
e879483814
e878695609
e1001107592
e1001114261
37578185
e996276496
40322171
19301818
31534374
10282226
32177003
32188572
e1381170039
32248762
32208051
10369104
32210518
19434947
10370527
10370865
32169775
32186220
14705450
32205306
34380899
34384729
23728471
23726850
21775715
32222074
e950310039
e984237178
33692400
20160987
31507013
33723904
20164515
40351991
40351490
20152348
20152250
24551737
14942848
10465966
24551511
17547877
31814060
14944923
31470302
24610216
24612034
38150510
31454324
31453909
40356441
24614312
31473009
24612178
31478633
26274562
26275007
24732801
42311982
38613205
40998034
42315237
41706544
40309308
31863881
38173948
38171360
38174768
38172652
38172043
38174837
24584128
24588919
40309866
31871062
21931805
19408952
17298280
32209999
17298386
32166675
e1381187853
e2180811627
e2195951439
21845130
21845458
32181446
32174751
32173107
6887231
32173009
32182571
e984673380
e984252010
20151515
31470230
40352418
40312901
24579556
20156789
31867492
24578727
31457933
6955181
14946212
31816201
40356178
e1001151578
e1001183691
39333322
21813488
6867802
31613928
38188565
17218657
17218574
19320401
21824733
32177389
17220906
32301668
32231303
21848882
21849555
32271459
32276553
32183852
14935222
32150542
32168914
33693303
24547076
31482795
31903467
31904316
31908149
3981576
40331678
1675624
20146388
e991347308
38176256
e880254331
38172094
40309364
5284358
34019758
21819505
34024428
34023988
34023345
40386526
34013190
21819295
34013457
34024995
34014003
e1419906448
e1420025276
e1419980715
e1420095034
e1421560664
e1421798689
e1420098170
21832413
32194546
e1381155969
e1381157277
e1381154903
e1381148434
e1000943836
31903775
40332408
40330999
21939824
40332746
38257118
40377590
38198359
40329463
33828613
5319872
38273429
31533667
38284913
31552321
33904042
24607224
24569058
31455462
38151429
38273127
e1030612598
e880496677
e1030622923
e1030648201
e880508704
e948964951
e880489578
e991256877
e991745976
e879182666
e1069863408
e1070031281
e1070068938
35464847
38801489
26287080
10318052
19378582
32177334
32180966
e984215369
e984198509
40324938
40327291
38192588
40327009
40327548
14935435
17538816
31860921
40322670
e949048405
e1395652136
e950227280
e1388864088
e947692704
e949730131
e1395660185
e949626635
e947709589
e1388836306
e991294920
e991650327
e991003359
31455449
24613287
24611177
14986533
31464610
28865756
26045447
41514124
41514975
24574130
35507138
26288899
26286850
36047275
41514652
e1381024630
10365592
e1381109165
e1000939466
31507288
38251039
33818830
33835861
38258279
33832044
33820017
e1123111386
e1124850405
e1131810297
14571327
14570491
33899974
40321385
10280779
40324142
32147327
10317948
32185914
32176124
32144959
32191828
20121669
32175342
e938407833
e1001124960
36261882
35744284
36132708
36594975
36139528
35361718
39374535
32174778
21844962
32177477
32179515
21844947
21844991
32174253
e984940935
31852379
e931144301
20152691
38176773
31850984
24551375
24557978
31857482
20152793
38176563
20152859
20152759
10467444
24611186
20497077
31474932
40005558
24924976
26428783
15110565
41615842
41615580
24744330
42228292
41091248
10610174
41615575
38701597
24894210
14566904
21810106
34007966
34009112
34009066
34008756
e1000813659
14681187
1466230
21937960
38244754
40361803
31433691
14678073
38241106
31933533
31689863
14908657
31463510
31790556
31574488
31534378
31561032
31462423
10428274
32178318
21824012
32274310
32188411
32225403
32258276
6874611
19321545
32271203
21833166
21830496
32299147
32193073
32300231
38178516
38175262
40312680
38178355
20158467
31882136
38176595
e1030629451
15015072
15013404
38625053
e991741121
40018743
40018632
e880643074
26232636
e1422327687
e1422533092
e1420502731
e1420548304
e1420520964
32212224
e984118113
e984148585
e984974641
38178551
40334897
31986407
14989243
38182399
10502754
31991128
14989746
e879129520
e1388848169
e974488351
31813961
31814435
40307234
38174414
31460068
38173380
20496584
40307910
40307049
40307601
26291162
40202178
24667491
40198961
42330707
40199510
35467546
42327018
26290046
17265479
21931628
10344553
32208909
21931145
32178708
6900051
39556424
38142039
39556481
14680134
38142825
19423983
31429462
38142888
39556667
21936508
38142681
38174728
38176787
38175568
40315237
38174218
10467980
36138802
29977098
36145231
18945853
17266829
14620680
32198971
10348363
32198906
21849390
32225763
e1113642350
e1113652853
e1113739480
20147591
10431533
24543694
20147323
31861025
19307321
e1420629880
32175255
21820909
6874202
32169580
21844720
10318023
32174170
32227904
32241799
14657636
21935471
32224709
32206170
32245666
21935814
32237388
19409032
31485607
21942747
38257011
38253422
40379874
40378091
40374769
e984965597
e984170272
e984181128
19880976
e931067583
e1274723071
e991005582
31463093
e1001100571
24583744
41510996
36042320
26292179
20165614
26292353
e1381070379
e1381031693
e1381029753
e1381082712
e1381055137
e1381101320
e1381049169
e1381114823
e1381081846
e1381093076
e1131485727
e1131419944
23766952
e1130755411
e1131433082
40381410
31544526
19841821
23779711
17519553
32175259
17265221
32177007
e930414189
24557325
24556617
24555161
20152838
31828302
24558817
38194222
e930449880
24315432
40302671
6954861
38169137
20153123
14944475
41618785
41613955
42227441
29818430
19327686
32213324
32288680
32222604
1266959
20165662
34363964
38288452
38283525
24572732
24572319
38273681
20164452
38283690
24567146
3993372
15014176
1609329
24679267
20530312
35442244
38624235
38526159
1398776
e1421067911
e1420104448
32200760
19325994
40332770
38207638
20530937
15017038
15014640
15016862
24566236
38178200
40312239
24566225
20158825
24566194
24566214
40311573
10529275
10529222
34008970
34008461
34008992
34008673
34008258
34008511
e1381059992
6903628
33811170
6903655
e1131522559
e1130707959
e1130723894
e1118873948
e1132041678
e1112929062
e1132076380
e1112902180
e1420584903
e1421001212
e1420644026
e984956228
40314680
e931179078
e990431084
e990981338
31433895
24610821
31896715
20169524
20168902
26043672
26041764
38647756
20165762
20165727
24552134
40318968
40318949
38182418
20153294
24551921
38156173
20153190
e1001191095
e1001177698
10607891
10607741
10607761
35739552
35454249
24836015
34008325
34008598
31622216
21822402
14581710
17215995
10288999
32177372
e1117192160
e1115756133
e1112941415
e1111793388
e1115730427
e1112869978
e1112884413
e1117203717
38179605
14933821
24310169
24311895
31854596
e1275106786
e918367721
e931140871
e939633785
e1274149263
e931263549
e931369358
e1275029097
e939643998
15101118
38150756
38146634
31889303
38151322
31445126
31443448
31446121
24830932
40007401
31894941
e1001168530
5364439
40073435
29364237
24832896
38656783
20165521
41456005
24517810
37000342
37000155
37000222
37006185
31470534
6904005
33818985
14685470
6903828
33824260
21943848
31493215
31703938
40373137
33817831
10358900
e984108835
38288071
20163293
31886694
20165076
31976370
40352084
31882605
38290014
14990883
38286716
e1197083801
24669160
15015422
38641147
24671060
41559162
15012971
24672369
24673261
40060172
e984114782
e984095197
38216920
38212268
38209088
e1197136833
10530431
38526284
39938415
42162443
38243421
38248106
10467490
38245456
24562717
31848535
40372618
40369921
24892970
15102020
39377979
29319399
e1421089217
e1421027714
e1420606940
e1422388620
19092918
33950226
23846438
33954311
38282074
e1113728748
e1113692934
23960826
31912232
38209518
32120166
10482119
e931169011
40051749
15017062
41553642
10532170
15016482
10532189
15016055
e984063078
e984082273
31433365
31435101
40009182
40009021
31431077
31887765
24830905
e1197161767
37575420
34347388
34347151
39285633
34348089
20165720
24574697
24575089
29096357
35419085
19317920
6874106
21821710
32169683
32186958
21821793
32184772
19880534
31886009
17537956
40367625
40369102
31499854
33825670
e1275146401
31434188
24582768
41572355
40070671
35477573
10608793
31446915
31440583
e963210899
e963092603
e962929828
6941370
e963960973
e964363535
e964415222
33904297
e964059955
e1132052927
34333510
e939626049
10470764
10469603
31879943
14951098
38211667
5330196
3981662
40337903
40338039
38208064
5330185
e1001160114
10608880
29358241
29871875
35584537
29955317
14842714
10386034
14843250
14843157
10386623
31459622
17390042
40368712
40367852
17390044
17390769
31479308
24607291
24311148
40317392
24311163
10501990
31877509
31850069
31869622
38178573
38245657
40369476
31851247
e1394572771
e1384174103
e1383483960
e1395172357
e1394582382
e1383050925
e1386693310
e1394345804
e1379172148
e1383490558
e1390505101
26422736
20165221
24836251
41455746
41570695
42249268
24588372
24837094
24585188
e963550234
e964107978
e964174904
20118007
20118842
37007036
37007738
37006932
37007755
36999410
36999461
37002121
37007691
37007343
36999449
40342345
e1197111920
e1195428326
e1197055123
28709492
24680111
37624967
15016261
28714728
31889316
38151590
24573331
31813350
38188260
31891631
31813412
40319831
31813444
38150177
38188273
20162530
41476420
15016406
26268592
24670240
24670424
24670121
37596728
28694522
20529155
6973201
31899498
31951537
40346883
10505795
38211299
10506657
31898888
38214547
41585064
35450659
24663906
41587237
41586400
24448792
36999376
36999394
36999368
24448790
24448772
32185951
21826449
21822517
32176166
21826698
e984158098
e984986182
20493772
38173914
33821913
38156113
38250168
24610297
31697785
20158040
e939652728
6982055
31821109
5348309
24670473
24665940
38151116
31431833
38151091
e1197067708
20165612
24836759
24833246
41573574
35526478
37611759
7011961
e931131750
e964400595
e931163137
e1388699186
e1388813542
e1387848521
e1387831196
e1388695993
e1388806288
38212281
6955781
29899824
31960424
19185909
32061280
31893652
1475355
31974256
14997057
32015068
14993267
6968639
33927748
31559245
23828038
38276520
19124083
31548803
38283522
37000037
38156329
24608252
24610495
6970994
31715155
31452978
24608242
38157415
31500118
e974169019
e974169357
e974169982
e974171629
e1394384841
36999409
e963809264
39544855
24004307
e964138917
39556791
39550465
e963268793
e964219597
31899149
31910968
32091454
32045438
38213558
14991053
38173924
24671191
24670442
41539321
41540876
41589270
41539413
28719850
40348861
39277767
28865245
41559152
41558388
41557461
35418362
41558907
29146228
24587203
e847530681
20691324
39378204
39376789
36589072
42269137
29931490
39380218
34008950
34009186
e1385000684
e1385050781
e1386762270
e1407762012
e1407796522
e1408485884
20165476
40148298
24583738
41642973
24851633
20165480
28867135
20165494
35805632
35249397
28867006
21821960
6874062
32181560
21822762
21822003
21822522
32201895
e1000792777
14848282
31497612
19542905
31527093
31507122
19541738
33805715
10389132
850688
40372167
38159589
24565603
31456102
24606453
20157954
20157967
20531863
24674955
28694321
35304022
41481541
20634614
31887752
31890196
15101056
24830865
10606762
31890652
24831013
31891301
38176458
e1197192930
42265364
41660840
42266335
24583097
20165874
20165696
38617652
20165776
40388643
38272061
40392781
40388773
33839463
33786043
40393495
40366747
40392107
40389606
40391293
37007556
36999380
36999512
33862761
40368470
21555462
31764008
33783012
40363470
40361920
38157670
38156824
e974172309
e974171903
28934385
38631090
28918093
24682250
24683671
24665900
24838267
24834170
20165666
36186028
26034229
42243082
41119993
36640243
37006207
e962142276
e963262674
5330242
20063856
38524606
29667689
25972315
e964031338
e957317513
e964047722
31539987
6959681
20071437
5336684
20074349
31996049
e974172120
41560093
20167399
35465616
38641576
29346575
24582539
41536167
35345764
24582500
37574959
24606267
24572783
31455522
40004469
20159342
e974179278
24729256
38799136
24737358
10537260
20547618
41650127
41553289
28848734
42256938
29129957
39545322
e963585946
39554516
14915157
40007991
24665036
38593010
35307481
41500350
e1001329884
39215695
40947082
41462059
41462755
40153032
41660899
41463394
24831976
e974178216
e1408435507
e1408234218
e1386755749
26412430
41577157
10609009
36211495
36199277
41577640
24896372
7012744
37614909
41502643
24831436
e962185810
6958428
14956993
31498307
20070502
3982666
6958609
10476891
40385176
e845650441
37705541
41659537
20696557
e1000787982
17396193
3964125
6914093
31522779
17394852
38249975
17406584
38156276
20493820
31449511
38157609
20493754
40008472
40008405
40008321
38156627
38157310
40008383
20533977
38612347
6983574
24676873
10537560
24832216
24831942
41458615
37575730
39967633
35971137
41463139
41461733
24586656
20167435
41461936
40942758
40388834
40393514
40390684
40388208
e964007945
17567906
38292822
31946771
38242422
38291378
38288099
14962590
19190755
10360751
40339080
21546108
40391257
40335528
e957096809
e957111663
e962246436
e962274976
e931097940
e962294006
14953365
e848767864
e974169641
e1408240549
e974172532
e1407717677
23982432
19381872
7060941
20166931
23994125
15231806
29350948
40049284
41561317
41536059
e1000818340
38199517
38197619
14686812
e974174578
36771368
26647016
36220443
39321598
35491715
41456556
39319293
10620068
39319916
e963083055
34452575
6963015
10478903
10494870
31569145
40009767
38159563
40010081
40009893
e974172779
10543077
35908804
23968572
26711242
35544415
36829030
36165256
36166934
35597473
39314070
e1001306405
e1001292029
36150199
24589126
35472214
29141246
41555120
29133573
41026164
38646613
20537839
20163049
35365712
39252466
29122929
24684885
41462252
41618610
31622124
e974178469
e974178577
26223942
41532815
21891175
e843127920
e845592410
41545466
40031317
5392095
41012654
41186679
42343327
23987518
35598211
35850703
29454640
24449061
e955434750
e955827597
e957183208
e963336612
e962108907
e962093099
31878554
5334898
e848319096
42208087
38689220
1400850
996095
10705148
1399947
10703602
10703411
10703476
28722412
24677306
41533004
24684699
e845628497
29320128
26040175
36116615
41534327
35465700
20167082
41535308
e1000802714
e1000770384
6917037
23830798
38260633
31551643
40390417
31542244
40387654
33825639
40388035
33802061
