23740373
25559434
23745552
40009027
31844365
40010466
23740344
34331616
38158655
31025584
40384042
23740542
31497316
31814032
40383561
31814866
38158319
31493280
23743154
23743170
31500753
23743192
40003658
40005102
40005022
23741951
31864329
31495270
38136870
31150669
40015220
23744792
40313494
31494743
23744815
23774722
25559432
23742700
23744165
39552391
23743416
38150545
23744349
39542824
40015725
39547254
38136812
23742639
31814717
23740342
31814006
31494066
31494078
38275359
38158720
40637163
23743091
23743199
31048518
23743078
23742909
23743329
23742991
23742878
40017101
40016073
40017299
39553775
23759453
23775917
23740999
23758922
25563047
31868218
25573222
23744058
23743909
31499245
23743895
25574368
23743206
38132303
25574052
23744098
38131247
38131866
23744495
31494771
38153085
31031094
23740980
38178547
25177074
38135369
25563619
38142818
23743334
39550975
31029354
39952965
31497180
38152028
40004353
40005423
40005559
40005507
23741820
23741840
23741868
31019490
31862565
38167064
40015330
38129358
31862604
38153361
31495581
38173578
31157680
31866734
31030517
23747203
39951623
39952617
23745228
39950534
38141905
23756620
38134304
23745011
25563674
31495727
38273743
40382143
40002406
23740191
38151369
38273654
31020204
39549407
38154491
38167099
31058245
25584435
23750224
38145323
39554665
31087260
38157146
25572169
38152622
23741962
31813617
31813636
38249546
23741973
38151650
40311284
23741953
38249529
23741916
38249452
31869438
23744245
31057168
31111972
31058124
38153371
38152737
31501133
38153142
31500506
31500492
38131706
38170177
23742924
31868688
40003155
31869246
31871844
38153003
40318698
23743727
23743779
39558410
23746898
23745157
40003788
e1502686148
38152190
38152064
23741814
25560856
31490568
38151684
38134042
25560637
38136586
23743100
39554245
31868025
40003629
25560316
40006040
38153855
38154376
31502068
40005128
40005844
40005100
31502948
31147712
23751681
25572256
23751716
23740641
31130307
39554723
39556165
23745189
23745198
31844318
38159546
40009031
23745211
40009245
31844433
40004794
40009319
38151381
31844132
31498127
38152587
40004489
23744050
38152398
31501771
38152139
23743931
23740705
23741869
23744171
38138455
31032041
39558547
40005471
39559936
23746300
38138298
23743845
39561103
23745027
40002899
38151565
38151576
31488904
40003826
38132097
31023170
23742228
31027155
31020953
38132339
38135955
38134175
38136263
38136100
38153076
38141111
38141037
31033448
38151921
40003455
23740258
38151143
38151157
38152042
38136623
38153007
38151862
23740295
38151475
38172435
31490513
40005195
38152295
38152589
38153213
40005144
31501081
23744438
31490696
31490676
31500871
31503091
23744073
25572766
23743973
23743759
23744161
23743749
38152933
38151316
38151432
38151440
23740246
40004484
38152789
31496905
31498517
40004932
38153157
31497252
40004707
38152662
38152625
38153090
38152330
31496514
38153424
31498282
31497810
23742413
38151185
31501473
40005107
31492854
31501931
40005817
25572547
38153119
38152531
39558536
23744701
23740563
31493702
38151720
38153532
38151990
40004358
38152397
38153649
40005398
31500086
31501513
23742039
23744139
38153099
38152885
31026484
40004110
38152829
38151692
23740282
40004028
31497698
38153126
40004335
38160973
31499942
31499633
40002846
38151491
31503258
23745738
40380726
23745779
23745851
23740990
31844356
23740962
40003421
38159320
40003633
31844317
31495307
40003622
38159039
38158913
23741055
31492645
40004580
40004665
40004818
31499552
31499934
40004797
31499281
40004611
23743458
38152594
31502566
31500691
23744045
40004142
23744033
31500219
40004566
40007497
31491994
40004158
38153687
38152134
23740863
23740870
40004440
38151818
23740880
40004783
31501028
38153283
40005341
39562939
38153554
31036336
38152915
23742031
31500366
40004831
38153248
23745301
40004993
38159744
31501605
38153996
40006147
31844719
38160922
31844287
40005034
31503658
38152558
38157013
23740261
38151551
38152450
23744008
23744002
31813202
31491216
23740187
23740215
23740405
31030733
38144733
38152103
38145210
23741503
38152486
38152749
31499873
40005545
31501817
38153824
31501759
38273827
31500407
40004356
40004331
e1502561290
38151622
38152210
38152650
38152999
40004732
23741948
38152715
31497752
31498319
31497854
38152832
40382184
40002694
38151459
38151517
31489271
31489311
38152495
38151392
38153061
23741246
40010518
23740872
23740858
25558418
38144722
38152209
23740851
38152540
23740505
31491689
31492363
38152677
31487238
38151248
31486850
40002378
40004702
31498060
23742028
40007633
38151508
38156981
38156944
38150948
38156643
23745393
23745380
40003047
38152302
31500952
40003977
38152383
40010707
31500853
38152610
38134415
38137856
23742955
38141669
38141376
23742394
38140432
23743266
23743504
38144572
23743711
40004473
40004467
23745492
23740252
38152032
23741071
38151989
38152007
38152020
23741817
23745866
23745862
23741811
38152318
e825038957
38152289
40010716
40003217
38151791
40003230
31489259
31489643
31489611
38151284
40003150
38153325
31496239
38250273
38249177
38152528
40004026
40004209
40364244
40364065
38153801
38150909
38274142
40004848
40004787
38152865
38249803
31814947
23743987
38250001
38250183
23744079
33874683
38250914
38250102
38250158
38151031
38151045
40003156
38151941
40001459
23740499
23744088
39550058
40004408
23740598
23740593
23740535
23740767
38129925
23740554
38161197
38152497
31504920
40004594
23742820
34342491
33873875
34342503
31813217
38275655
23740188
31490816
23740777
38152703
38152628
38132327
23746556
38130045
23741625
31020068
23746515
23741654
31020118
38131166
31488643
25557691
40002754
40002856
e1497866720
38152974
31845075
23740425
31844761
31495979
23740429
23740507
23740439
23740428
38275168
38152375
31493349
31491553
40004284
38152192
31492008
31491575
31492464
31491590
40004236
38152137
38153244
40004989
40004803
38286193
40007522
31813270
38156686
38157309
38156632
31503910
38151490
38153636
38153740
31502956
31503588
38153698
38153685
38161282
38161073
23740573
23740341
23741150
40004655
40004132
40004438
40004206
38152713
38153404
40004881
40379895
40002466
23742831
40364798
40364395
23742823
31813398
31814137
23741012
23740994
31813318
40363506
33875192
31862157
31495228
38152016
31495260
38177370
38177354
40379931
40379964
31900824
34326805
40003006
31500593
40002995
23745631
23742764
23741141
23742738
23740941
40365239
31813171
23742767
23743573
40006676
23740953
40006737
31494252
31845041
23740912
31500253
38154373
31495466
38154625
31501389
31019602
23741824
23741677
23740508
23740482
e825011515
31844859
38160305
31844266
23744375
31844893
23744429
40009629
38275439
38275421
38275224
31502917
23740394
31496056
40004607
23744426
23745026
23745997
23745766
23740259
31029244
38280227
31021184
23744263
38287554
23744955
38153432
31503464
23741942
31496693
31496718
40004275
31498700
38152629
31493406
31020866
e1668161217
40015155
31852948
23745706
38153640
31853132
40015111
38154568
23745428
38153375
38151972
40003735
31019546
23740869
38152837
40004574
38153078
31019838
31495846
31495787
23741429
31493792
31501885
40004800
23741296
40005625
40014720
23745569
23745281
40004478
38152331
40003387
38152847
40003825
38288446
38152794
40005549
38152337
40004542
38250511
38152269
40004497
40004618
31503452
38153436
31503440
40004134
38152874
25557725
23741790
39550624
38152681
31497861
40003823
40003808
40003145
23774418
23744862
23745273
40005208
31502795
38153349
31498981
38152822
38152442
39554840
31029614
40004114
38152382
38138285
40003938
23743900
25558395
38134647
38133284
23742078
38152467
38152797
38153380
31497313
38153135
40005435
39550633
31502318
38153664
38154659
40006636
23771515
40005143
38151246
38151166
40002567
31844072
38136850
23740380
31493542
39556418
38133216
40005722
31491064
39559490
38133372
25557821
38154063
40004183
23740194
31844834
38151434
31502903
38153263
38151955
40005937
39554635
31498215
38153918
23742491
40005500
38151970
31494586
34334633
38152588
38152658
38152812
38152671
31503901
38152563
32135781
31502796
23742130
40364100
34353204
38153115
40007146
40006649
40007116
31502013
38151712
38151733
31487212
e750904904
e1050787372
23740657
31492179
31862693
38168586
31864251
31862059
31861974
31861857
31503087
23745659
38153409
34335542
23743075
40636755
31499635
38152920
31499160
23742944
23742929
40005298
38153395
31499082
40005456
38151586
23740574
23743248
31501320
31503720
40004876
40006422
31502462
38154729
23743277
38153963
38153496
23743283
23743290
31502134
23743867
31019561
38129857
23744750
38153823
31496782
39548007
23744673
39548058
38152258
39548093
40383683
23742811
40383757
23746357
23746353
e1050776156
38141852
23740728
38151877
38152569
31494564
31494641
38152691
23742593
23742668
31497955
31487037
38153073
38151033
23743417
23745058
38152093
38167159
40004400
32124962
23744698
31502961
31501444
38275601
31502901
23745252
38142119
38153384
39556832
31497298
23741251
38153197
40005576
23741238
38153303
38152988
31495713
23741118
40006150
32132180
31502103
23745349
23745603
31502706
39562001
25583181
23746367
32131279
32141339
32142061
32141899
38153043
40005040
23740251
34342055
39556942
23742685
38133308
38152762
38152769
23741706
23745889
23745897
40003614
23743358
38153632
23746076
40006244
23746024
23742190
39548118
25562834
38132932
38135489
31021583
31023747
38131595
e2330400699
e2330426414
32128240
31502314
23749306
31503325
31501986
38154531
25585173
39549067
38147019
31050977
31021217
32133012
23744620
31491302
23744630
e1050757427
31022772
23741368
23742089
31020389
23741103
23741530
31029057
25193569
23741397
38150888
38136608
38137586
39556227
23743085
34335317
31499562
40636935
38136537
31488301
31487101
40004689
40003459
38151113
40004622
31494923
40004853
38152757
34356467
38152614
e824991060
31502538
23744881
23742871
40005509
40005524
23745915
23744844
38153907
40006541
31502257
23740930
38151897
38151825
31503281
38153849
31499048
e2332237210
e2332012874
23774266
e1502541253
e1668133715
23745719
23744854
31022827
31497894
31497718
23745789
23740793
31491339
31491411
23740751
38153665
31501870
23744724
31863468
31487846
38167415
40015702
40015731
40015525
23741915
40016076
23740633
31865114
31865088
38153468
38153514
38153822
38152073
38151878
40005440
e1309869231
31497511
38153525
40004204
38154825
31501680
31501884
23744624
23743861
31499721
31021095
31024127
25562427
23743069
38136655
31020077
38134623
23743167
38148796
31498658
31498562
23743292
23745567
38136700
23743296
e1050719469
e1050750726
23742571
38153359
23742469
31862390
31497904
38167464
31862685
31503552
40004974
38153179
40004980
31502990
31500436
31499044
31505010
23743691
39559784
25583389
39558836
23743353
38140182
23743698
e1050813486
e1502633780
e1050802839
23741862
31021038
38140610
23741780
23774162
31036723
38145448
39563375
34343442
31026926
31025465
31024221
31501463
25583904
23745724
e1502699953
23746598
38153650
40636630
38153730
23743244
40006332
23742124
23742550
38141510
39564634
39561691
23743603
25194608
38139415
23742626
38135598
23745609
38144300
38153553
38153433
23745410
e1497923568
40011755
31844201
38161667
38160645
31023593
31499283
38138538
39558658
31021862
39554921
23745720
38139160
34335396
23742866
25586814
23745437
38137304
39560722
38133623
38141458
38154277
31501401
39563738
38145959
23744603
40006014
31501776
31488504
e1497896756
31503466
23745984
23746097
39550226
25586991
38130694
38151556
23746135
23746058
23746011
38129492
39549863
23746109
40005489
40004364
38152299
38152448
23740653
40004135
38152647
40004569
23743261
31499212
38154489
38153367
e2332044404
25562655
23742568
38139771
23743011
25562607
31024045
23743609
39557650
31025146
31022192
31498683
38152900
31498533
38153298
23741812
23742485
23744020
23742219
38162963
31844564
38153106
38162904
31845225
38153502
40003537
38131194
23741054
23746715
38146284
e2332252020
23774241
23772841
39535063
38148850
23744900
39546512
38137296
23749570
39563408
23745496
38158732
38154223
38275078
38274972
38150911
40005475
40382605
31497989
40004147
40004162
31813978
40004346
38152515
33697986
23741491
31500767
23744963
23744985
38153723
23741430
31864304
23741698
40006158
40017547
31864201
23744972
23745040
38136191
23744444
23744463
23745542
39561880
25563123
25574768
39561354
23743743
23743400
38131703
23745962
23747030
23747937
38138644
23745575
40005512
40005955
38138284
31045180
31063933
40009832
38152708
39549619
39549495
23746022
23740973
31496571
31495423
40004715
40004616
31496260
38167190
23745926
31853807
23742841
31022322
23745487
38158658
23740242
31495516
38277412
23740685
31498537
31023817
31020713
25178299
25177757
38276688
23741641
40336506
31020623
31021465
25585226
25584803
39554279
38133615
31035049
38138103
38213508
38137430
23746170
23742856
31044685
23743128
38149721
38159587
38132759
31843998
38153589
38153692
40007030
23742980
38142342
38144436
23742388
38132954
40004695
38151860
40003033
40003953
23741298
26006419
31032718
40008881
31055623
31498540
40005735
26003114
38144486
38134818
40005296
e833524574
38131719
38140475
23742002
23741762
39558151
39555871
31502500
25586932
31019964
38130806
31502077
23746069
23745385
23744616
31844790
31844106
23740940
31024002
25559551
39561636
38134759
39563954
23741620
23743821
23745902
39558697
31846275
23741686
23742801
31496296
38152523
38152922
23741842
31497303
38153415
31497936
31498452
38153512
31503486
23745704
e2332223155
e2332057615
32133924
32134549
e1922606539
e1922607503
39560846
25558142
38133726
38134998
23742374
39560744
23743844
23742340
e2330623716
e2330647612
23745429
31859097
23745935
31019987
39551593
23745778
38163061
31845007
40015952
40015989
38156149
e833035982
38152262
23741546
40003886
38152489
38154136
23743291
23743253
40006296
31863919
38153622
38153945
40006054
31498703
23741291
38215642
40337392
23746123
23746850
23741355
23747080
40006109
31497582
40006660
38154087
e1922594431
25197998
31027740
31024414
25581100
25559234
23745276
31021541
23742522
31027339
31504908
39554080
23746250
38146493
40004678
23741927
23742281
38132069
38131862
23741964
23740491
23741938
25557702
38152178
38274293
40382538
31494748
23743029
31488212
40003831
40003867
23740733
23743278
38139672
38167636
32131837
39548549
39561883
38158616
31844032
23745493
40005855
38167068
23740887
23740724
38153206
23742827
38154330
38153235
40005803
38153339
38153149
31499180
23746959
38160033
40017785
40016340
32136224
32136542
25583841
40636743
31504025
31500672
31499992
38274443
40006289
38279123
40641097
38153867
38279226
31501244
31033612
31028975
40336544
23745450
40339735
38133977
e1922710283
38135690
32136689
31488339
38151122
31488330
31020700
38159402
38153542
23742676
38152156
31845232
38159762
25557469
40011113
38153041
31499361
38167163
31501172
31501090
23747745
31498677
39562311
39561961
40004163
38212764
31027173
38213483
38152389
38168387
23741809
31862965
23741473
38168103
38137456
38175841
38140665
31861859
25574020
39562200
40015867
23741975
31032902
38130878
31498596
23743112
40004216
40004161
38152689
40001799
23740523
38151402
38151717
23740232
40003189
31492592
31492609
40003239
40003278
38151303
40003406
25586891
25587012
38130176
23742315
23744460
23742025
39554620
38133293
23742350
38138909
31035906
31862309
38168014
40016215
40006936
38155339
40007673
38154884
38154513
40007543
40017164
23747802
38143776
40013635
23748502
39558103
31489617
38152051
40010710
40004633
40012302
40010419
23742047
31499501
38152796
38153441
40005395
31496976
23743072
23743802
31500641
38153485
38153346
31500475
31501102
31501021
38153677
40004223
23745101
38136994
25200435
23742197
38140864
23741526
31863334
38168617
31863357
40303198
40004238
38169038
38167566
32134724
32136088
32136587
38167093
39563538
39563743
25570128
40006170
38170238
38171715
31861316
23744663
31082560
38135911
31052243
40019792
38146650
23742577
25229565
40020042
38135959
31503201
23742816
38154509
31499412
31030548
38140053
31499654
31504925
39562721
31020212
38140888
39563638
39558919
39561642
39554120
38146130
31023435
23746111
23743755
23745910
38167253
40311442
31858561
39551806
e825025474
38151064
38151017
38142289
23743401
40018958
23743633
38153791
31504825
40005172
31813857
38161195
39558613
31845003
38135031
38135900
39557205
38140427
31845289
38160748
25557907
23746106
23746025
38167793
38167277
31503729
23745780
38154389
31859699
23745731
40302446
38153252
40004986
23751049
23743045
23743020
40007552
23740608
38274363
38160577
38161502
31845340
31502006
38153673
38153414
31845272
38153464
38161165
38161123
38153660
31495819
31844118
38131312
38161036
e1922599238
23743152
23747113
38142507
40005271
38132614
23742294
40002303
31490344
40003547
38151811
38151787
31846408
31494826
38153294
38152542
38152517
31502273
31502289
38152246
25569176
23740803
31030531
38167299
38138852
25567015
38168760
23744283
38135656
31498561
31498541
31020133
38134373
31498975
38168125
40005207
40005504
e1922603334
e1922610456
31038899
23744167
23746330
23742146
31024706
31028267
32136142
23745320
23745237
38130265
25583761
31020020
39549560
39549182
38130149
38154333
38152207
40004813
23743304
31863610
38163067
23740250
40017234
31861491
38168211
31862518
38167546
39554090
23746448
31491281
23744182
39565235
38145798
31027692
39565111
40004117
31037914
39562558
31026745
39564348
38141285
23741475
38135739
31021141
39562347
38135156
39563106
38133884
23741789
23745725
38167395
31863393
32127289
23746793
38144783
39563410
40005251
38152951
40004599
38152729
38153671
40003467
23740557
31849336
23740286
23742477
31849062
39556158
31034591
39558934
31021525
25558516
38138012
31864836
38167131
31862596
23741589
40017069
23741242
31863256
31864913
31863094
40017434
23742706
23742693
23742619
38161755
38161228
31845666
40011977
31844981
40011694
23742659
38161533
e2331945467
e2332003110
32132328
23745244
39549474
38129931
23745284
23745299
40005691
38154483
25558558
26008758
39560402
39561436
38139905
23747152
38144752
23745435
38168116
23741024
38167297
31862335
38167007
38152887
31862357
40016861
40018180
31036053
31489458
38152169
38150056
31849301
38161574
31847277
40013057
31495202
40017110
40004253
23741303
40004373
40016177
31862363
38167000
40015999
38255143
31845250
31845183
23746100
31816037
40371605
40371225
38143922
38165902
38144592
23742118
e1922611605
23746741
23741502
39563926
40348167
40349965
40347823
25199981
38142982
38145030
38200039
23740536
38129718
38130034
23745365
38167305
40015568
31503701
38132487
23745389
23745478
38167290
40005178
40005095
38167121
40004870
38161160
23747536
31503318
31503509
31502056
38153702
31502595
31507428
38160443
38160081
38157002
23742742
39561382
40017290
23744068
23743038
38167328
40019173
31864055
31845099
38153700
38161527
23741873
40017372
e2332070766
23774256
31863750
38136661
e2332258136
32133610
32147335
23773550
23772393
32135354
23773507
32136557
32144285
32134441
23743997
31022838
25570123
23746008
23742795
31503593
23742264
25559710
38131216
31019612
39550554
31020986
23745927
23741883
39561219
23742073
31027014
31494681
31494971
23746512
31863053
31862597
31865075
31495400
40308277
31495377
31852407
31849518
31021859
40006270
38154473
40006958
38154927
32133566
23772373
32133263
32133311
23773784
32144515
23773656
32136047
40311663
40311279
23743677
23746001
31495203
40016959
40016967
23746382
31850983
23742270
25567039
39554672
38138028
40005548
38153410
23772523
32133695
32131919
23772420
32145644
32143513
23743663
38131523
23740949
23741058
23740805
23740843
40017083
38167620
40017302
23740864
40017391
40016833
31500225
23740298
31490808
25568370
38154287
38151523
39563338
38154807
39565113
31497808
23741183
40004327
38167166
31862163
31862675
40016909
38167176
40016020
38153290
40016334
23773961
23773928
23740629
38161888
31848581
31499382
e1668089357
e1504801316
40006959
38155930
38154675
38154360
e1671585497
38140656
38163314
38144627
38148705
38145993
25558909
31054534
23744822
38167044
40016831
31489574
38152070
34340965
23742594
39551088
31020240
23742005
39552740
31020364
25557902
39550548
25557450
39556977
23773101
32135765
32145307
32146814
23775925
23774893
e1765100988
e1814627171
38178860
38134629
40315523
40312355
23893397
23893869
23893240
38152996
38179306
23741003
40007135
31020369
31019571
38162144
38162534
e2332210730
32127593
23774239
23774228
32133272
31867533
38153981
38154889
23770940
23743044
40004638
25566413
40368468
40371291
40367782
40371257
23745438
40003753
40003854
38152225
38151810
38167008
23742521
38160734
31844459
40011477
23742610
32134656
32144121
23770934
32128093
32144191
38153098
38153162
25573063
23742142
39550942
38130680
23743949
39550269
31022219
31020526
39550886
23744137
39551343
25573070
31500754
38146031
23742037
38148643
23742622
23744978
32133457
32134381
32134356
32134968
31494760
31499641
23740753
31493635
40637098
40636712
31503273
31504571
38273988
25191048
38138313
38152218
40003908
38152481
40016503
23741386
31495678
31495901
38152870
40004936
38168182
32151246
32151494
23775044
23740516
23745666
23893941
23745545
23893376
38130022
38151801
38130607
23745916
23745934
31844153
23740928
23745994
23745943
23745964
23740943
31494822
23740993
40003941
38152263
38152012
23743141
40010191
40016296
31504476
40013732
38156398
38139456
38141752
39556823
38141636
23775103
23746503
32125536
32144846
23772324
23772361
32133921
23773326
23772636
23742778
25567363
31020796
39556242
38153818
38133246
31020330
38153676
23743649
38153784
38153758
25572808
31020297
23774182
32125408
32147093
23774709
38133861
38135276
31020332
25577278
23744718
23744689
31500656
23743739
38177645
23740231
38153309
40005226
40005417
38153316
38152572
40005246
38152511
24705275
34330385
38278309
23741936
28841007
39277508
24701127
40005054
31863883
31496170
31027076
31496276
40016894
31862640
31500575
31848349
40348629
23772867
32141560
32138180
38143856
31848361
38162239
23740848
23748975
38140419
23740625
38161856
38130007
40015303
40008140
38160295
40014022
23743696
23747097
31850906
31850022
31020129
38137370
38137945
38134142
23742910
39550586
38131506
31019712
39551560
39552162
32130515
31020892
23771026
39551761
40368379
23772554
40311873
31867087
38132827
23744983
40015587
23740985
38152162
38151986
38151868
40005920
38152129
31494428
31862300
40016896
31863938
23742466
40010791
25566203
38130398
40011305
38134582
31845356
e2332158415
23773604
23773595
32136388
e825597291
38152142
38152229
23745970
31488500
38154981
38152177
40005163
40006785
31497351
31019501
23741704
23744328
23741690
23771131
32165054
23741615
38152848
38154486
38155310
38282650
38287736
23741110
38137119
23741861
38131997
38132177
39559751
39559027
23741886
31026040
38137449
23741852
23744012
40016053
38152913
23741276
32140692
32138706
32139449
32141596
32140650
23748846
38133992
23749258
39562659
23742632
31027789
38145411
38134693
23744321
23748064
38147238
40016059
23744836
23743915
23743023
35251196
34328825
35272331
38167047
38152678
40015830
23741967
23679073
26192518
35800262
42204518
23741860
38281330
23740969
31846306
31846867
34336030
38274855
31845175
23741650
31023094
31030640
31032360
31047738
23743526
25183861
38133208
40010335
23747738
38150135
23744931
23772130
37240134
23775437
37239910
23770878
25187742
38151438
38151613
38153793
38153909
40006084
31021568
32136525
e2330827253
e2330687437
e2330837072
e2330699167
e2330864480
32134271
40007079
23746508
39563047
38135647
31504103
23744839
40005900
40005686
31499231
31491546
23678940
41476190
38132906
23770428
23775095
23774974
32125086
31503758
23745086
28856808
38160695
38152468
40004164
23745530
31503463
40015679
40006042
31488048
38151026
38151044
23517097
40905798
23517843
23517091
23517080
23740840
23740552
38132157
38152311
31496259
40003880
39550411
38152322
23776662
31023233
37316132
31022962
23772659
38135857
23744801
23742154
39549674
23744791
25578381
25578394
23743623
31019859
38149911
23744561
32136538
32137334
32137436
32128175
e2332171009
23773581
32144155
32144058
32133883
32144213
32134012
38160717
38160821
23740936
23516304
36646616
37715595
37603384
32137095
31500884
31500826
38131905
38152903
40004761
39550915
39551135
31019488
23742336
38136689
31021382
31020139
38137263
32131675
23774552
23776705
31028756
e1765046319
31027336
38135819
38132282
23740970
23741130
38149284
31038777
23742790
32141360
31862875
32141928
38169094
38275791
38150971
40006174
40006072
38133316
31033338
39560590
38143526
39563443
39563006
31020794
39563990
38153854
38151506
23740208
40005012
38151500
38151700
40957315
40959210
37239560
31020344
23773389
23773512
37240263
25187422
23772019
31019785
38151674
35793465
42265177
23740575
38151967
40004666
38152521
40004982
23740567
38151858
38152539
35793622
37720014
42261453
39383874
26192452
38753926
31503642
40639122
38274311
31862517
34302960
31844479
38167248
23740782
31845187
40016818
31862589
32163774
31118666
32149556
23778395
25251302
25203153
23778837
37315555
38156765
38137769
38140589
38136371
31046754
25988683
23742390
25991450
23770459
37602400
40006261
40034999
37602391
23741146
38151918
38151957
23517184
35606608
23517193
23517207
23517180
41614826
28873311
23773128
32137190
38168484
31862615
23740662
34330645
23744419
31022335
38276173
39225646
23465193
41475950
42322427
35272515
40932958
41454115
38167826
38167279
31019713
40016211
e2332093913
e2332086759
23773440
32132025
31062953
31042502
23773193
23774139
25163501
23774181
31037092
31034361
38137018
23741326
23742070
38135612
25110908
40307118
38134455
38167429
23740277
23740296
31495028
38151518
38152005
40003680
40003916
31490365
31490447
23740268
37573807
38780754
37737574
37735433
37736725
42347869
32144181
32136972
23774540
32145133
e2332120189
32132046
23774332
32133893
39564142
31030630
38144123
39563455
23741442
38140061
23744548
23744510
40010131
31019961
23745044
25577105
31845430
23744509
24552435
23517909
36641680
39559447
38130735
39552243
38134448
38167226
23772141
37242210
25186021
23774085
37241010
37240326
23774063
31023214
37252836
37298269
32140915
23741709
31022526
38133448
34329998
23742064
38135361
25576254
38151866
38151640
37718506
23517400
23517338
23517456
39381759
35829582
42259638
28864643
37240589
32141685
23773397
23773878
23774087
37241569
23773266
32141893
37241653
25184540
31022188
31501883
38155779
38155384
23744488
31502076
38171477
38153764
23741693
23744284
38155582
38157000
38155686
31047237
23746701
31036414
39946529
25989491
31038582
31051439
23747858
31493227
37738403
35829174
42261475
42261828
41658374
42262693
38151771
28864367
26400889
23516446
36639805
28863556
37726792
42290965
29260135
42237862
e2332104760
e2332130536
e2332134519
38171379
38154143
31861702
31861609
40304715
40305194
23740997
40008899
31862966
40307069
23741204
40306975
23744810
38152208
31495567
40003929
40003993
38151983
31486791
40003480
31486803
28872822
36641124
42233788
40098651
42252100
37721717
31862539
38276808
23777500
23776245
31028206
31074996
31136801
37267259
34327436
31503536
40381024
23747879
31055380
25557499
38134421
39559034
39552216
31862732
38168659
40301016
31862505
38169327
40299092
40301186
39550606
23741574
23741687
38133526
23744911
42314593
42318272
35793799
42314753
42314846
29096544
37732660
42255167
28859935
41476684
38154862
38142129
38142918
38132436
31034990
e1816252703
e1764682953
38160925
38151150
23740185
31844140
31844724
35795890
39976615
26032511
42322727
24552079
42331202
29099026
26399182
37725882
40381012
23741720
40380702
39946833
25115536
23747884
38134918
23774996
31021631
23775089
37241502
32143302
23773094
40005514
23517022
26192426
39397453
41657448
38771146
38153389
38153461
31490170
40148768
23773104
23772001
25187323
32143611
37240199
40005384
23740696
40311126
38172597
38169663
23741823
38153451
40309297
31865901
31866111
31496308
38567668
28893181
35979078
39398571
35251320
35799398
29372103
38168188
38152488
39550803
31020178
38130967
28856334
40148910
41126478
23465055
38755514
23741633
31022610
38140214
38136031
32134258
32134334
23741752
23741598
38170156
23741642
38173352
31862558
38157135
38167852
23740749
31490865
38155760
38151227
38151258
31489180
23674302
35797344
36640133
28893306
37736586
35797686
23674339
26191622
37736941
37716485
31137402
e1359656901
e1365734075
e1359618679
e1359548977
31155827
23744129
39539888
23746773
23746495
31022648
23775913
39563619
e825122758
31489129
28862156
26026346
36640079
26028215
35794002
28856212
31019742
37242657
31497395
40009823
23741646
31493583
40009992
38154749
31499097
23517005
42262572
23774793
25190027
23775161
38156720
40006813
23517008
23523970
31502895
40005123
31503272
42293003
23516536
42290828
e835825495
e842296267
e836398794
e840866966
e840487889
e1763912738
32134211
32134416
32145056
23774456
23774643
31019739
34337307
31494701
23741322
e1764670136
31813651
31813206
31813441
31813215
31813189
38758019
41649566
38767800
42256245
31500843
38168299
31020670
39551118
38133350
38130723
42253971
38752896
42255142
23676243
42254270
38133410
23750145
23741223
40338982
23747506
25189851
23748011
31065189
23741124
31020676
38151998
31490473
40304183
40008802
38152351
38152418
31497033
38153086
38152327
38153828
40003861
31489108
35797234
35797034
31504392
38157993
31494130
38156585
31503059
23516494
23518010
23675250
23517002
23675172
41463476
31505023
38160508
38161908
38160598
23516467
40947224
39221603
26192214
41658617
26191800
23516435
39967732
28874658
23743276
23742553
23742847
23742621
23742912
31020225
31024267
38152227
38138504
40004214
41651300
42254575
23772642
23772572
23772487
32145540
32145617
32145660
e680631082
31357140
38142340
23802455
31863873
38168603
34355818
23753153
23740698
23741533
31858842
31861150
38143583
37573776
40007828
37715167
38747158
31503218
31492879
38153448
38153350
31493135
38157140
40008279
38156993
37714122
e934021910
e1816070279
23743076
25562587
38135674
38167501
38134319
31863429
23743764
31862953
28873999
26196425
38567336
41456707
38565332
40934892
37717433
37576720
37576542
25560907
38133236
38131867
29316731
23516291
26190821
38561702
31363087
40019353
40011182
38154756
39559006
25583648
31062515
38143787
25585775
38150662
35826643
41466196
40004129
38154678
40007043
38152132
38154051
23675406
28875189
41135927
41455447
23675292
26400002
28873362
41455163
28873066
35969169
40014473
40014088
38157930
38161849
38158939
40015808
32145688
32145698
32144764
38151378
37573848
26194446
26191450
39398304
37738578
37738976
28873093
31813898
23518175
23742558
31495962
37582151
23743202
23741077
37584547
23743412
23524196
39376384
38285529
23740687
31867004
23816465
38139906
38155171
38144396
39554351
25619427
31089249
38139893
38773260
40003928
37603070
38152386
26194290
41002284
37738531
38152438
e933127657
e564838057
e933299245
31250462
39547910
38142842
31325742
31157716
39557253
23741359
31020352
23742062
23741913
31860716
31022020
31497243
40006207
38155180
40006220
31504172
40003149
35829197
37603023
42247965
31503211
38161233
41036514
41034630
39291595
41655052
37603118
39298884
40143810
37606138
41576264
23742517
39564380
31057683
40020025
38143564
23745885
40003860
42261155
37738451
37737752
e1671595378
38139760
31032243
38146117
31053396
38140535
31043677
23756432
39561442
38142322
38156372
39561637
28873638
39398150
42260753
37738737
42267826
28873490
38584026
41005098
23741299
23741176
e1068282239
39295726
41655071
38235721
38147209
38230549
38148645
39557079
23746616
23751168
31348394
40014130
31080234
22308420
35249649
38138288
40040575
31021239
39275019
37739808
37575361
40934092
41454847
23517119
38640742
26203090
28875871
28876082
37714034
23864342
38139773
25605357
23746893
31362858
31363686
38564391
37735354
37732884
38565947
41475176
23517948
37575195
41455228
26193939
39398004
23519425
42258409
40372427
40375397
38242564
22315362
35830428
26402654
41571228
39401604
29384621
37603025
23749341
38136210
38144969
23746451
38180891
37738445
23516648
26191494
38772194
36665435
26191459
28873548
42266662
39956259
23743569
22306694
38152445
31197436
31033546
23753962
25570489
38139500
38147741
38142672
40019910
38156108
38142716
38139534
38144812
23518273
35606216
39276609
23740757
41522889
23740285
23741906
39551861
39559115
41521661
28873710
28873321
23516265
28873056
26194096
23517988
39202603
e1070197588
e1078480424
e1070226198
38572168
36640053
26204210
26204792
26200513
42157610
39441323
35835215
37601079
38608981
26200983
26200560
39552380
23520439
39554328
35990893
39426673
40056423
41018834
26200640
28878491
35281692
23518173
23518170
23517938
e1070492079
36765472
40015129
23520221
26204287
41520851
28857098
23520708
23522238
23529878
e1371548761
38147831
25914091
22314002
22314082
25181655
23468238
38160546
42277069
23523858
38771744
41673227
42276507
42275864
42275998
42279717
41520370
42275724
37735015
23516249
35826636
38768322
35795855
23747831
23747344
31895691
39557000
